(function(name,data){
 if(typeof onTileMapLoaded === 'undefined') {
  if(typeof TileMaps === 'undefined') TileMaps = {};
  TileMaps[name] = data;
 } else {
  onTileMapLoaded(name,data);
 }})("map_js",
{ "height":30,
 "layers":[
        {
         "data":[342, 342, 342, 342, 342, 342, 342, 342, 342, 342, 342, 342, 342, 342, 342, 342, 342, 342, 342, 342, 342, 342, 342, 342, 342, 342, 342, 342, 342, 342, 342, 342, 342, 342, 342, 342, 342, 342, 342, 342, 342, 342, 342, 342, 342, 342, 342, 342, 342, 342, 342, 342, 342, 342, 342, 342, 342, 342, 342, 342, 342, 342, 342, 342, 342, 342, 342, 342, 342, 342, 342, 342, 342, 342, 342, 342, 342, 342, 342, 342, 342, 342, 342, 342, 342, 342, 342, 342, 342, 342, 342, 342, 342, 342, 342, 342, 342, 342, 342, 342, 342, 342, 342, 342, 342, 342, 342, 342, 342, 342, 342, 342, 342, 342, 342, 342, 342, 342, 342, 342, 342, 342, 342, 342, 342, 342, 342, 342, 342, 342, 342, 342, 342, 342, 342, 342, 342, 342, 342, 342, 342, 342, 342, 342, 342, 342, 342, 342, 342, 342, 342, 342, 342, 342, 342, 342, 342, 342, 342, 342, 342, 342, 342, 342, 342, 342, 342, 342, 342, 342, 342, 342, 342, 342, 342, 342, 342, 342, 342, 342, 342, 342, 342, 342, 342, 342, 342, 342, 342, 342, 342, 342, 342, 342, 342, 342, 342, 342, 342, 342, 342, 342, 342, 342, 342, 342, 342, 342, 342, 342, 342, 342, 342, 342, 342, 342, 342, 342, 342, 342, 342, 342, 342, 342, 342, 342, 342, 342, 342, 342, 342, 342, 342, 342, 342, 342, 342, 342, 342, 342, 342, 342, 342, 342, 342, 342, 342, 342, 342, 342, 342, 342, 342, 342, 342, 342, 342, 342, 342, 342, 342, 342, 342, 342, 342, 342, 342, 342, 342, 342, 342, 342, 342, 342, 342, 342, 342, 342, 342, 342, 342, 342, 342, 342, 342, 342, 342, 342, 342, 342, 342, 342, 342, 342, 342, 342, 342, 342, 342, 342, 342, 342, 342, 342, 342, 342, 342, 342, 342, 342, 342, 342, 342, 342, 342, 342, 342, 342, 342, 342, 342, 342, 342, 342, 342, 342, 342, 342, 342, 342, 342, 342, 342, 342, 342, 342, 342, 342, 342, 342, 342, 342, 342, 342, 342, 342, 342, 342, 342, 342, 342, 342, 342, 342, 342, 342, 342, 342, 342, 342, 342, 342, 342, 342, 342, 342, 342, 342, 342, 342, 342, 342, 342, 342, 342, 342, 342, 342, 342, 342, 342, 342, 342, 342, 342, 342, 342, 342, 342, 342, 342, 342, 342, 342, 342, 342, 342, 342, 342, 342, 342, 342, 342, 342, 342, 342, 342, 342, 342, 342, 342, 342, 342, 342, 342, 342, 342, 342, 342, 342, 342, 342, 342, 342, 342, 342, 342, 342, 342, 342, 342, 342, 342, 342, 342, 342, 342, 342, 342, 342, 342, 342, 342, 342, 342, 342, 342, 342, 342, 342, 342, 342, 342, 342, 342, 342, 342, 342, 342, 342, 342, 342, 342, 342, 342, 342, 342, 342, 342, 342, 342, 342, 342, 342, 342, 342, 342, 342, 342, 342, 342, 342, 342, 342, 342, 342, 342, 342, 342, 342, 342, 342, 342, 342, 342, 342, 342, 342, 342, 342, 342, 342, 342, 342, 342, 342, 342, 342, 342, 342, 342, 342, 342, 342, 342, 342, 342, 342, 342, 342, 342, 342, 342, 342, 342, 342, 342, 342, 342, 342, 342, 342, 342, 342, 342, 342, 342, 342, 342, 342, 342, 342, 342, 342, 342, 342, 342, 342, 342, 342, 342, 342, 342, 342, 342, 342, 342, 342, 342, 342, 342, 342, 342, 342, 342, 342, 342, 342, 342, 342, 342, 342, 342, 342, 342, 342, 342, 342, 342, 342, 342, 342, 342, 342, 342, 342, 342, 342, 342, 342, 342, 342, 342, 342, 342, 342, 342, 342, 342, 342, 342, 342, 342, 342, 342, 342, 342, 342, 342, 342, 342, 342, 342, 342, 342, 342, 342, 342, 342, 342, 342, 342, 342, 342, 342, 342, 342, 342, 342, 342, 342, 342, 342, 342, 342, 342, 342, 342, 342, 342, 342, 342, 342, 342, 342, 342, 342, 342, 342, 342, 342, 342, 342, 342, 342, 342, 342, 342, 342, 342, 342, 342, 342, 342, 342, 342, 342, 342, 342, 342, 342, 342, 342, 342, 342, 342, 342, 342, 342, 342, 342, 342, 342, 342, 342, 342, 342, 342, 342, 342, 342, 342, 342, 342, 342, 342, 342, 342, 342, 342, 342, 342, 342, 342, 342, 342, 342, 342, 342, 342, 342, 342, 342, 342, 342, 342, 342, 342, 342, 342, 342, 342, 342, 342, 342, 342, 342, 342, 342, 342, 342, 342, 342, 342, 342, 342, 342, 342, 342, 342, 342, 342, 342, 342, 342, 342, 342, 342, 342, 342, 342, 342, 342, 342, 342, 342, 342, 342, 342, 342, 342, 342, 342, 342, 342, 342, 342, 342, 342, 342, 342, 342, 342, 342, 342, 342, 342, 342, 342, 342, 342, 342, 342, 342, 342, 342, 342, 342, 342, 342, 342, 342, 342, 342, 342, 342, 342, 342, 342, 342, 342, 342, 342, 342, 342, 342, 342, 342, 342, 342, 342, 342, 342, 342, 342, 342, 342, 342, 342, 342, 342, 342, 342, 342, 342, 342, 342, 342, 342, 342, 342, 342, 342, 342, 342, 342, 342, 342, 342, 342, 342, 342, 342, 342, 342, 342, 342, 342, 342, 342, 342, 342, 342, 342, 342, 342, 342, 342, 342, 342, 342, 342, 342, 342, 342, 342, 342, 342, 342, 342, 342, 342, 342, 342, 342, 342, 342, 342, 342, 342, 342, 342, 342, 342, 342, 342, 342, 342, 342, 342, 342, 342, 342, 342, 342, 342, 342, 342, 342, 342, 342, 342, 342, 342, 342, 342, 342, 342, 342, 342, 342, 342, 342, 342, 342, 342, 342, 342, 342, 342, 342, 342, 342, 342, 342, 342, 342, 342, 342, 342, 342, 342, 342, 342, 342, 342, 342, 342, 342, 342, 342, 342, 342, 342, 342, 342, 342, 342, 342, 342, 342, 342, 342, 342, 342, 342, 342, 342, 342, 342, 342, 342, 342, 342, 342, 342, 342, 342, 342, 342, 342, 342, 342, 342, 342, 342, 342, 342, 342, 342, 342, 342, 342, 342, 342, 342, 342, 342, 342, 342, 342, 342, 342, 342, 342, 342, 342, 342, 342, 342, 342, 342, 342, 342, 342, 342, 342, 342, 342, 342, 342, 342, 342, 342, 342, 342, 342, 342, 342, 342, 342, 342, 342, 342, 342, 342, 342, 342, 342, 342, 342, 342, 342, 342, 342, 342, 342, 342, 342, 342, 342, 342, 342, 342, 342, 342, 342, 342, 342, 342, 342, 342, 342, 342, 342, 342, 342, 342, 342, 342, 342, 342, 342, 342, 342, 342, 342, 342, 342, 342, 342, 342, 342, 342, 342, 342, 342, 342, 342, 342, 342, 342, 342, 342, 342, 342, 342, 342, 342, 342, 342, 342, 342, 342, 342, 342, 342, 342, 342, 342, 342, 342, 342, 342, 342, 342, 342, 342, 342, 342, 342, 342, 342, 342, 342, 342, 342, 342, 342, 342, 342, 342, 342, 342, 342, 342, 342, 342, 342, 342, 342, 342, 342, 342, 342, 342, 342, 342, 342, 342, 342, 342, 342, 342, 342, 342, 342, 342, 342, 342, 342, 342, 342, 342, 342, 342, 342, 342, 342, 342, 342, 342, 342, 342, 342, 342, 342, 342, 342, 342, 342, 342, 342, 342, 342, 342, 342, 342, 342, 342, 342, 342, 342, 342, 342, 342, 342, 342, 342, 342, 342, 342, 342, 342, 342, 342, 342, 342, 342, 342, 342, 342, 342, 342, 342, 342, 342, 342, 342, 342, 342, 342, 342, 342, 342, 342, 342, 342, 342, 342, 342, 342, 342, 342, 342, 342, 342, 342, 342, 342, 342, 342, 342, 342, 342, 342, 342, 342, 342, 342, 342, 342, 342, 342, 342, 342, 342, 342, 342, 342, 342, 342, 342, 342, 342, 342, 342, 342, 342, 342, 342, 342, 342, 342, 342, 342, 342, 342, 342, 342, 342, 342, 342, 342, 342, 342, 342, 342, 342, 342, 342, 342, 342, 342, 342, 342, 342, 342, 342, 342, 342, 342, 342, 342, 342, 342, 342, 342, 342, 342, 342, 342, 342, 342, 342, 342, 342, 342, 342, 342, 342, 342, 342, 342, 342, 342, 342, 342, 342, 342, 342, 342, 342, 342, 342, 342, 342, 342, 342, 342, 342, 342, 342, 342, 342, 342, 342, 342, 342, 342, 342, 342, 342, 342, 342, 342, 342, 342, 342, 342, 342, 342, 342, 342, 342, 342, 342, 342, 342, 342, 342, 342, 342, 342, 342, 342, 342, 342, 342, 342, 342, 342, 342, 342, 342, 342, 342, 342, 342, 342, 342, 342, 342, 342, 342, 342, 342, 342, 342, 342, 342, 342, 342, 342, 342, 342, 342, 342, 342, 342, 342, 342, 342, 342, 342, 342, 342, 342, 342, 342, 342, 342, 342, 342, 342, 342, 342, 342, 342, 342, 342, 342, 342, 342, 342, 342, 342, 342, 342, 342, 342, 342, 342, 342, 342, 342, 342, 342, 342, 342, 342, 342, 342, 342, 342, 342, 342, 342, 342, 342, 342, 342, 342, 342, 342, 342, 342, 342, 342, 342, 342, 342, 342, 342, 342, 342, 342, 342, 342, 342, 342, 342, 342, 342, 342, 342, 342, 342, 342, 342, 342, 342, 342, 342, 342, 342, 342, 342, 342, 342, 342, 342, 342, 342, 342, 342, 342, 342, 342, 342, 342, 342, 342, 342, 342, 342, 342, 342, 342, 342, 342, 342, 342, 342, 342, 342, 342, 342, 342, 342, 342, 342, 342, 342, 342, 342, 342, 342, 342, 342, 342, 342, 342, 342, 342, 342, 342, 342, 342, 342, 342, 342, 342, 342, 342, 342, 342, 342, 342, 342, 342, 342, 342, 342, 342, 342, 342, 342, 342, 342, 342, 342, 342, 342, 342, 342, 342, 342, 342, 342, 342, 342, 342, 342, 342, 342, 342, 342, 342, 342, 342, 342, 342, 342, 342, 342, 342, 342, 342, 342, 342, 342, 342, 342, 342, 342, 342, 342, 342, 342, 342, 342, 342, 342, 342, 342, 342, 342, 342, 342, 342, 342, 342, 342, 342, 342, 342, 342, 342, 342, 342, 342, 342, 342, 342, 342, 342, 342, 342, 342, 342, 342, 342, 342, 342, 342, 342, 342, 342, 342, 342, 342, 342, 342, 342, 342, 342, 342, 342, 342, 342, 342, 342, 342, 342, 342, 342, 342, 342, 342, 342, 342, 342, 342, 342, 342, 342, 342, 342, 342, 342, 342, 342, 342, 342, 342, 342, 342, 342, 342, 342, 342, 342, 342, 342, 342, 342, 342, 342, 342, 342, 342, 342, 342, 342, 342, 342, 342, 342, 342, 342, 342, 342, 342, 342, 342, 342, 342, 342, 342, 342, 342, 342, 342, 342, 342, 342, 342, 342, 342, 342, 342, 342, 342, 342, 342, 342, 342, 342, 342, 342, 342, 342, 342, 342, 342, 342, 342, 342, 342, 342, 342, 342, 342, 342, 342, 342, 342, 342, 342, 342, 342, 342, 342, 342, 342, 342, 342, 342, 342, 342, 342, 342, 342, 342, 342, 342, 342, 342, 342, 342, 342, 342, 342, 342, 342, 342, 342, 342, 342, 342, 342, 342, 342, 342, 342, 342, 342, 342, 342, 342, 342, 342, 342, 342, 342, 342, 342, 342, 342, 342, 342, 342, 342, 342, 342, 342, 342, 342, 342, 342, 342, 342, 342, 342, 342, 342, 342, 342, 342, 342, 342, 342, 342, 342, 342, 342, 342, 342, 342, 342, 342, 342, 342, 342, 342, 342, 342, 342, 342, 342, 342, 342, 342, 342, 342, 342, 342, 342, 342, 342, 342, 342, 342, 342, 342, 342, 342, 342, 342, 342, 342, 342, 342, 342, 342, 342, 342, 342, 342, 342, 342, 342, 342, 342, 342, 342, 342, 342, 342, 342, 342, 342, 342, 342, 342, 342, 342, 342, 342, 342, 342, 342, 342, 342, 342, 342, 342, 342, 342, 342, 342, 342, 342, 342, 342, 342, 342, 342, 342, 342, 342, 342, 342, 342, 342, 342, 342, 342, 342, 342, 342, 342, 342, 342, 342, 342, 342, 342, 342, 342, 342, 342, 342, 342, 342, 342, 342, 342, 342, 342, 342, 342, 342, 342, 342, 342, 342, 342, 342, 342, 342, 342, 342, 342, 342, 342, 342, 342, 342, 342, 342, 342, 342, 342, 342, 342, 342, 342, 342, 342, 342, 342, 342, 342, 342, 342, 342, 342, 342, 342, 342, 342, 342, 342, 342, 342, 342, 342, 342, 342, 342, 342, 342, 342, 342, 342, 342, 342, 342, 342, 342, 342, 342, 342, 342, 342, 342, 342, 342, 342, 342, 342, 342, 342, 342, 342, 342, 342, 342, 342, 342, 342, 342, 342, 342, 342, 342, 342, 342, 342, 342, 342, 342, 342, 342, 342, 342, 342, 342, 342, 342, 342, 342, 342, 342, 342, 342, 342, 342, 342, 342, 342, 342, 342, 342, 342, 342, 342, 342, 342, 342, 342, 342, 342, 342, 342, 342, 342, 342, 342, 342, 342, 342, 342, 342, 342, 342, 342, 342, 342, 342, 342, 342, 342, 342, 342, 342, 342, 342, 342, 342, 342, 342, 342, 342, 342, 342, 342, 342, 342, 342, 342, 342, 342, 342, 342, 342, 342, 342, 342, 342, 342, 342, 342, 342, 342, 342, 342, 342, 342, 342, 342, 342, 342, 342, 342, 342, 342, 342, 342, 342, 342, 342, 342, 342, 342, 342, 342, 342, 342, 342, 342, 342, 342, 342, 342, 342, 342, 342, 342, 342, 342, 342, 342, 342, 342, 342, 342, 342, 342, 342, 342, 342, 342, 342, 342, 342, 342, 342, 342, 342, 342, 342, 342, 342, 342, 342, 342, 342, 342, 342, 342, 342, 342, 342, 342, 342, 342, 342, 342, 342, 342, 342, 342, 342, 342, 342, 342, 342, 342, 342, 342, 342, 342, 342, 342, 342, 342, 342, 342, 342, 342, 342, 342, 342, 342, 342, 342, 342, 342, 342, 342, 342, 342, 342, 342, 342, 342, 342, 342, 342, 342, 342, 342, 342, 342, 342, 342, 342, 342, 342, 342, 342, 342, 342, 342, 342, 342, 342, 342, 342, 342, 342, 342, 342, 342, 342, 342, 342, 342, 342, 342, 342, 342, 342, 342, 342, 342, 342, 342, 342, 342, 342, 342, 342, 342, 342, 342, 342, 342, 342, 342, 342, 342, 342, 342, 342, 342, 342, 342, 342, 342, 342, 342, 342, 342, 342, 342, 342, 342, 342, 342, 342, 342, 342, 342, 342, 342, 342, 342, 342, 342, 342, 342, 342, 342, 342, 342, 342, 342, 342, 342, 342, 342, 342, 342, 342, 342, 342, 342, 342, 342, 342, 342, 342, 342, 342, 342, 342, 342, 342, 342, 342, 342, 342, 342, 342, 342, 342, 342, 342, 342, 342, 342, 342, 342, 342, 342, 342, 342, 342, 342, 342, 342, 342, 342, 342, 342, 342, 342, 342, 342, 342, 342, 342, 342, 342, 342, 342, 342, 342, 342, 342, 342, 342, 342, 342, 342, 342, 342, 342, 342, 342, 342, 342, 342, 342, 342, 342, 342, 342, 342, 342, 342, 342, 342, 342, 342, 342, 342, 342, 342, 342, 342, 342, 342, 342, 342, 342, 342, 342, 342, 342, 342, 342, 342, 342, 342, 342, 342, 342, 342, 342, 342, 342, 342, 342, 342, 342, 342, 342, 342, 342, 342, 342, 342, 342, 342, 342, 342, 342, 342, 342, 342, 342, 342, 342, 342, 342, 342, 342, 342, 342, 342, 342, 342, 342, 342, 342, 342, 342, 342, 342, 342, 342, 342, 342, 342, 342, 342, 342, 342, 342, 342, 342, 342, 342, 342, 342, 342, 342, 342, 342, 342, 342, 342, 342, 342, 342, 342, 342, 342, 342, 342, 342, 342, 342, 342, 342, 342, 342, 342, 342, 342, 342, 342, 342, 342, 342, 342, 342, 342, 342, 342, 342, 342, 342, 342, 342, 342, 342, 342, 342, 342, 342, 342, 342, 342, 342, 342, 342, 342, 342, 342, 342, 342, 342, 342, 342, 342, 342, 342, 342, 342, 342, 342, 342, 342, 342, 342, 342, 342, 342, 342, 342, 342, 342, 342, 342, 342, 342, 342, 342, 342, 342, 342, 342, 342, 342, 342, 342, 342, 342, 342, 342, 342, 342, 342, 342, 342, 342, 342, 342, 342, 342, 342, 342, 342, 342, 342, 342, 342, 342, 342, 342, 342, 342, 342, 342, 342, 342, 342, 342, 342, 342, 342, 342, 342, 342, 342, 342, 342, 342, 342, 342, 342, 342, 342, 342, 342, 342, 342, 342, 342, 342, 342, 342, 342, 342, 342, 342, 342, 342, 342, 342, 342, 342, 342, 342, 342, 342, 342, 342, 342, 342, 342, 342, 342, 342, 342, 342, 342, 342, 342, 342, 342, 342, 342, 342, 342, 342, 342, 342, 342, 342, 342, 342, 342, 342, 342, 342, 342, 342, 342, 342, 342, 342, 342, 342, 342, 342, 342, 342, 342, 342, 342, 342, 342, 342, 342, 342, 342, 342, 342, 342, 342, 342, 342, 342, 342, 342, 342, 342, 342, 342, 342, 342, 342, 342, 342, 342, 342, 342, 342, 342, 342, 342, 342, 342, 342, 342, 342, 342, 342, 342, 342, 342, 342, 342, 342, 342, 342, 342, 342, 342, 342, 342, 342, 342, 342, 342, 342, 342, 342, 342, 342, 342, 342, 342, 342, 342, 342, 342, 342, 342, 342, 342, 342, 342, 342, 342, 342, 342, 342, 342, 342, 342, 342, 342, 342, 342, 342, 342, 342, 342, 342, 342, 342, 342, 342, 342, 342, 342, 342, 342, 342, 342, 342, 342, 342, 342, 342, 342, 342, 342, 342, 342, 342, 342, 342, 342, 342, 342, 342, 342, 342, 342, 342, 342, 342, 342, 342, 342, 342, 342, 342, 342, 342, 342, 342, 342, 342, 342, 342, 342, 342, 342, 342, 342, 342, 342, 342, 342, 342, 342, 342, 342, 342, 342, 342, 342, 342, 342, 342, 342, 342, 342, 342, 342, 342, 342, 342, 342, 342, 342, 342, 342, 342, 342, 342, 342, 342, 342, 342, 342, 342, 342, 342, 342, 342, 342, 342, 342, 342, 342, 342, 342, 342, 342, 342, 342, 342, 342, 342, 342, 342, 342, 342, 342, 342, 342, 342, 342, 342, 342, 342, 342, 342, 342, 342, 342, 342, 342, 342, 342, 342, 342, 342, 342, 342, 342, 342, 342, 342, 342, 342, 342, 342, 342, 342, 342, 342, 342, 342, 342, 342, 342, 342, 342, 342, 342, 342, 342, 342, 342, 342, 342, 342, 342, 342, 342, 342, 342, 342, 342, 342, 342, 342, 342, 342, 342, 342, 342, 342, 342, 342, 342, 342, 342, 342, 342, 342, 342, 342, 342, 342, 342, 342, 342, 342, 342, 342, 342, 342, 342, 342, 342, 342, 342, 342, 342, 342, 342, 342, 342, 342, 342, 342, 342, 342, 342, 342, 342, 342, 342, 342, 342, 342, 342, 342, 342, 342, 342, 342, 342, 342, 342, 342, 342, 342, 342, 342, 342, 342, 342, 342, 342, 342, 342, 342, 342, 342, 342, 342, 342, 342, 342, 342, 342, 342, 342, 342, 342, 342, 342, 342, 342, 342, 342, 342, 342, 342, 342, 342, 342, 342, 342, 342, 342, 342, 342, 342, 342, 342, 342, 342, 342, 342, 342, 342, 342, 342, 342, 342, 342, 342, 342, 342, 342, 342, 342, 342, 342, 342, 342, 342, 342, 342, 342, 342, 342, 342, 342, 342, 342, 342, 342, 342, 342, 342, 342, 342, 342, 342, 342, 342, 342, 342, 342, 342, 342, 342, 342, 342, 342, 342, 342, 342, 342, 342, 342, 342, 342, 342, 342, 342, 342, 342, 342, 342, 342, 342, 342, 342, 342, 342, 342, 342, 342, 342, 342, 342, 342, 342, 342, 342, 342, 342, 342, 342, 342, 342, 342, 342, 342, 342, 342, 342, 342, 342, 342, 342, 342, 342, 342, 342, 342, 342, 342, 342, 342, 342, 342, 342, 342, 342, 342, 342, 342, 342, 342, 342, 342, 342, 342, 342, 342, 342, 342, 342, 342, 342, 342, 342, 342, 342, 342, 342, 342, 342, 342, 342, 342, 342, 342, 342, 342, 342, 342, 342, 342, 342, 342, 342, 342, 342, 342, 342, 342, 342, 342, 342, 342, 342, 342, 342, 342, 342, 342, 342, 342, 342, 342, 342, 342, 342, 342, 342, 342, 342, 342, 342, 342, 342, 342, 342, 342, 342, 342, 342, 342, 342, 342, 342, 342, 342, 342, 342, 342, 342, 342, 342, 342, 342, 342, 342, 342, 342, 342, 342, 342, 342, 342, 342, 342, 342, 342, 342, 342, 342, 342, 342, 342, 342, 342, 342, 342, 342, 342, 342, 342, 342, 342, 342, 342, 342, 342, 342, 342, 342, 342, 342, 342, 342, 342, 342, 342, 342, 342, 342, 342, 342, 342, 342, 342, 342, 342, 342, 342, 342, 342, 342, 342, 342, 342, 342, 342, 342, 342, 342, 342, 342, 342, 342, 342, 342, 342, 342, 342, 342, 342, 342, 342, 342, 342, 342, 342, 342, 342, 342, 342, 342, 342, 342, 342, 342, 342, 342, 342, 342, 342, 342, 342, 342, 342, 342, 342, 342, 342, 342, 342, 342, 342, 342, 342, 342, 342, 342, 342, 342, 342, 342, 342, 342, 342, 342, 342, 342, 342, 342, 342, 342, 342, 342, 342, 342, 342, 342, 342, 342, 342, 342, 342, 342, 342, 342, 342, 342, 342, 342, 342, 342, 342, 342, 342, 342, 342, 342, 342, 342, 342, 342, 342, 342, 342, 342, 342, 342, 342, 342, 342, 342, 342, 342, 342, 342, 342, 342, 342, 342, 342, 342, 342, 342, 342, 342, 342, 342, 342, 342, 342, 342, 342, 342, 342, 342, 342, 342, 342, 342, 342, 342, 342, 342, 342, 342, 342, 342, 342, 342, 342, 342, 342, 342, 342, 342, 342, 342, 342, 342, 342, 342, 342, 342, 342, 342, 342, 342, 342, 342, 342, 342, 342, 342, 342, 342, 342, 342, 342, 342, 342, 342, 342, 342, 342, 342, 342, 342, 342, 342, 342, 342, 342, 342, 342, 342, 342, 342, 342, 342, 342, 342, 342, 342, 342, 342, 342, 342, 342, 342, 342, 342, 342, 342, 342, 342, 342, 342, 342, 342, 342, 342, 342, 342, 342, 342, 342, 342, 342, 342, 342, 342, 342, 342, 342, 342, 342, 342, 342, 342, 342, 342, 342, 342, 342, 342, 342, 342, 342, 342, 342, 342, 342, 342, 342, 342, 342, 342, 342, 342, 342, 342, 342, 342, 342, 342, 342, 342, 342, 342, 342, 342, 342, 342, 342, 342, 342, 342, 342, 342, 342, 342, 342, 342, 342, 342, 342, 342, 342, 342, 342, 342, 342, 342, 342, 342, 342, 342, 342, 342, 342, 342, 342, 342, 342, 342, 342, 342, 342, 342, 342, 342, 342, 342, 342, 342, 342, 342, 342, 342, 342, 342, 342, 342, 342, 342, 342, 342, 342, 342, 342, 342, 342, 342, 342, 342, 342, 342, 342, 342, 342, 342, 342, 342, 342, 342, 342, 342, 342, 342, 342, 342, 342, 342, 342, 342, 342, 342, 342, 342, 342, 342, 342, 342, 342, 342, 342, 342, 342, 342, 342, 342, 342, 342, 342, 342, 342, 342, 342, 342, 342, 342, 342, 342, 342, 342, 342, 342, 342, 342, 342, 342, 342, 342, 342, 342, 342, 342, 342, 342, 342, 342, 342, 342, 342, 342, 342, 342, 342, 342, 342, 342, 342, 342, 342, 342, 342, 342, 342, 342, 342, 342, 342, 342, 342, 342, 342, 342, 342, 342, 342, 342, 342, 342, 342, 342, 342, 342, 342, 342, 342, 342, 342, 342, 342, 342, 342, 342, 342, 342, 342, 342, 342, 342, 342, 342, 342, 342, 342, 342, 342, 342, 342, 342, 342, 342, 342, 342, 342, 342, 342, 342, 342, 342, 342, 342, 342, 342, 342, 342, 342, 342, 342, 342, 342, 342, 342, 342, 342, 342, 342, 342, 342, 342, 342, 342, 342, 342, 342, 342, 342, 342, 342, 342, 342, 342, 342, 342, 342, 342, 342, 342, 342, 342, 342, 342, 342, 342, 342, 342, 342, 342, 342, 342, 342, 342, 342, 342, 342, 342, 342, 342, 342, 342, 342, 342, 342, 342, 342, 342, 342, 342, 342, 342, 342, 342, 342, 342, 342, 342, 342, 342, 342, 342, 342, 342, 342, 342, 342, 342, 342, 342, 342, 342, 342, 342, 342, 342, 342, 342, 342, 342, 342, 342, 342, 342, 342, 342, 342, 342, 342, 342, 342, 342, 342, 342, 342, 342, 342, 342, 342, 342, 342, 342, 342, 342, 342, 342, 342, 342, 342, 342, 342, 342, 342, 342, 342, 342, 342, 342, 342, 342, 342, 342, 342, 342, 342, 342, 342, 342, 342, 342, 342, 342, 342, 342, 342, 342, 342, 342, 342, 342, 342, 342, 342, 342, 342, 342, 342, 342, 342, 342, 342, 342, 342, 342, 342, 342, 342, 342, 342, 342, 342, 342, 342, 342, 342, 342, 342, 342, 342, 342, 342, 342, 342, 342, 342, 342, 342, 342, 342, 342, 342, 342, 342, 342, 342, 342, 342, 342, 342, 342, 342, 342, 342, 342, 342, 342, 342, 342, 342, 342, 342, 342, 342, 342, 342, 342, 342, 342, 342, 342, 342, 342, 342, 342, 342, 342, 342, 342, 342, 342, 342, 342, 342, 342, 342, 342, 342, 342, 342, 342, 342, 342, 342, 342, 342, 342, 342, 342, 342, 342, 342, 342, 342, 342, 342, 342, 342, 342, 342, 342, 342, 342, 342, 342, 342, 342, 342, 342, 342, 342, 342, 342, 342, 342, 342, 342, 342, 342, 342, 342, 342, 342, 342, 342, 342, 342, 342, 342, 342, 342, 342, 342, 342, 342, 342, 342, 342, 342, 342, 342, 342, 342, 342, 342, 342, 342, 342, 342, 342, 342, 342, 342, 342, 342, 342, 342, 342, 342, 342, 342, 342, 342, 342, 342, 342, 342, 342, 342, 342, 342, 342, 342, 342, 342, 342, 342, 342, 342, 342, 342, 342, 342, 342, 342, 342, 342, 342, 342, 342, 342, 342, 342, 342, 342, 342, 342, 342, 342, 342, 342, 342, 342, 342, 342, 342, 342, 342, 342, 342, 342, 342, 342, 342, 342, 342, 342, 342, 342, 342, 342, 342, 342, 342, 342, 342, 342, 342, 342, 342, 342, 342, 342, 342, 342, 342, 342, 342, 342, 342, 342, 342, 342, 342, 342, 342, 342, 342, 342, 342, 342, 342, 342, 342, 342, 342, 342, 342, 342, 342, 342, 342, 342, 342, 342, 342, 342, 342, 342, 342, 342, 342, 342, 342, 342, 342, 342, 342, 342, 342, 342, 342, 342, 342, 342, 342, 342, 342, 342, 342, 342, 342, 342, 342, 342, 342, 342, 342, 342, 342, 342, 342, 342, 342, 342, 342, 342, 342, 342, 342, 342, 342, 342, 342, 342, 342, 342, 342, 342, 342, 342, 342, 342, 342, 342, 342, 342, 342, 342, 342, 342, 342, 342, 342, 342, 342, 342, 342, 342, 342, 342, 342, 342, 342, 342, 342, 342, 342, 342, 342, 342, 342, 342, 342, 342, 342, 342, 342, 342, 342, 342, 342, 342, 342, 342, 342, 342, 342, 342, 342, 342, 342, 342, 342, 342, 342, 342, 342, 342, 342, 342, 342, 342, 342, 342, 342, 342, 342, 342, 342, 342, 342, 342, 342, 342, 342, 342, 342, 342, 342, 342, 342, 342, 342, 342, 342, 342, 342, 342, 342, 342, 342, 342, 342, 342, 342, 342, 342, 342, 342, 342, 342, 342, 342, 342, 342, 342, 342, 342, 342, 342, 342, 342, 342, 342, 342, 342, 342, 342, 342, 342, 342, 342, 342, 342, 342, 342, 342, 342, 342, 342, 342, 342, 342, 342, 342, 342, 342, 342, 342, 342, 342, 342, 342, 342, 342, 342, 342, 342, 342, 342, 342, 342, 342, 342, 342, 342, 342, 342, 342, 342, 342, 342, 342, 342, 342, 342, 342, 342, 342, 342, 342, 342, 342, 342, 342, 342, 342, 342, 342, 342, 342, 342, 342, 342, 342, 342, 342, 342, 342, 342, 342, 342, 342, 342, 342, 342, 342, 342, 342, 342, 342, 342, 342, 342, 342, 342, 342, 342, 342, 342, 342, 342, 342, 342, 342, 342, 342, 342, 342, 342, 342, 342, 342, 342, 342, 342, 342, 342, 342, 342, 342, 342, 342, 342, 342, 342, 342, 342, 342, 342, 342, 342, 342, 342, 342, 342, 342, 342, 342, 342, 342, 342, 342, 342, 342, 342, 342, 342, 342, 342, 342, 342, 342, 342, 342, 342, 342, 342, 342, 342, 342, 342, 342, 342, 342, 342, 342, 342, 342, 342, 342, 342, 342, 342, 342, 342, 342, 342, 342, 342, 342, 342, 342, 342, 342, 342, 342, 342, 342, 342, 342, 342, 342, 342, 342, 342, 342, 342, 342, 342, 342, 342, 342, 342, 342, 342, 342, 342, 342, 342, 342, 342, 342, 342, 342, 342, 342, 342, 342, 342, 342, 342, 342, 342, 342, 342, 342, 342, 342, 342, 342, 342, 342, 342, 342, 342, 342, 342, 342, 342, 342, 342, 342, 342, 342, 342, 342, 342, 342, 342, 342, 342, 342, 342, 342, 342, 342, 342, 342, 342, 342, 342, 342, 342, 342, 342, 342, 342, 342, 342, 342, 342, 342, 342, 342, 342, 342, 342, 342, 342, 342, 342, 342, 342, 342, 342, 342, 342, 342, 342, 342, 342, 342, 342, 342, 342, 342, 342, 342, 342, 342, 342, 342, 342, 342, 342, 342, 342, 342, 342, 342, 342, 342, 342, 342, 342, 342, 342, 342, 342, 342, 342, 342, 342, 342, 342, 342, 342, 342, 342, 342, 342, 342, 342, 342, 342, 342, 342, 342, 342, 342, 342, 342, 342, 342, 342, 342, 342, 342, 342, 342, 342, 342, 342, 342, 342, 342, 342, 342, 342, 342, 342, 342, 342, 342, 342, 342, 342, 342, 342, 342, 342, 342, 342, 342, 342, 342, 342, 342, 342, 342, 342, 342, 342, 342, 342, 342, 342, 342, 342, 342, 342, 342, 342, 342, 342, 342, 342, 342, 342, 342, 342, 342, 342, 342, 342, 342, 342, 342, 342, 342, 342, 342, 342, 342, 342, 342, 342, 342, 342, 342, 342, 342, 342, 342, 342, 342, 342, 342, 342, 342, 342, 342, 342, 342, 342, 342, 342, 342, 342, 342, 342, 342, 342, 342, 342, 342, 342, 342, 342, 342, 342, 342, 342, 342, 342, 342, 342, 342, 342, 342, 342, 342, 342, 342, 342, 342, 342, 342, 342, 342, 342, 342, 342, 342, 342, 342, 342, 342, 342, 342, 342, 342, 342, 342, 342, 342, 342, 342, 342, 342, 342, 342, 342, 342, 342, 342, 342, 342, 342, 342, 342, 342, 342, 342, 342, 342, 342, 342, 342, 342, 342, 342, 342, 342, 342, 342, 342, 342, 342, 342, 342, 342, 342, 342, 342, 342, 342, 342, 342, 342, 342, 342, 342, 342, 342, 342, 342, 342, 342, 342, 342, 342, 342, 342, 342, 342, 342, 342, 342, 342, 342, 342, 342, 342, 342, 342, 342, 342, 342, 342, 342, 342, 342, 342, 342, 342, 342, 342, 342, 342, 342, 342, 342, 342, 342, 342, 342, 342, 342, 342, 342, 342, 342, 342, 342, 342, 342, 342, 342, 342, 342, 342, 342, 342, 342, 342, 342, 342, 342, 342, 342, 342, 342, 342, 342, 342, 342, 342, 342, 342, 342, 342, 342, 342, 342, 342, 342, 342, 342, 342, 342, 342, 342, 342, 342, 342, 342, 342, 342, 342, 342, 342, 342, 342, 342, 342, 342, 342, 342, 342, 342, 342, 342, 342, 342, 342, 342, 342, 342, 342, 342, 342, 342, 342, 342, 342, 342, 342, 342, 342, 342, 342, 342, 342, 342, 342, 342, 342, 342, 342, 342, 342, 342, 342, 342, 342, 342, 342, 342, 342, 342, 342, 342, 342, 342, 342, 342, 342, 342, 342, 342, 342, 342, 342, 342, 342, 342, 342, 342, 342, 342, 342, 342, 342, 342, 342, 342, 342, 342, 342, 342, 342, 342, 342, 342, 342, 342, 342, 342, 342, 342, 342, 342, 342, 342, 342, 342, 342, 342, 342, 342, 342, 342, 342, 342, 342, 342, 342, 342, 342, 342, 342, 342, 342, 342, 342, 342, 342, 342, 342, 342, 342, 342, 342, 342, 342, 342, 342, 342, 342, 342, 342, 342, 342, 342, 342, 342, 342, 342, 342, 342, 342, 342, 342, 342, 342, 342, 342, 342, 342, 342, 342, 342, 342, 342, 342, 342, 342, 342, 342, 342, 342, 342, 342, 342, 342, 342, 342, 342, 342, 342, 342, 342, 342, 342, 342, 342, 342, 342, 342, 342, 342, 342, 342, 342, 342, 342, 342, 342, 342, 342, 342, 342, 342, 342, 342, 342, 342, 342, 342, 342, 342, 342, 342, 342, 342, 342, 342, 342, 342, 342, 342, 342, 342, 342, 342, 342, 342, 342, 342, 342, 342, 342, 342, 342, 342, 342, 342, 342, 342, 342, 342, 342, 342, 342, 342, 342, 342, 342, 342, 342, 342, 342, 342, 342, 342, 342, 342, 342, 342, 342, 342, 342, 342, 342, 342, 342, 342, 342, 342, 342, 342, 342, 342, 342, 342, 342, 342, 342, 342, 342, 342, 342, 342, 342, 342, 342, 342, 342, 342, 342, 342, 342, 342, 342, 342, 342, 342, 342, 342, 342, 342, 342, 342, 342, 342, 342, 342, 342, 342, 342, 342, 342, 342, 342, 342, 342, 342, 342, 342, 342, 342, 342, 342, 342, 342, 342, 342, 342, 342, 342, 342, 342, 342, 342, 342, 342, 342, 342, 342, 342, 342, 342, 342, 342, 342, 342, 342, 342, 342, 342, 342, 342, 342, 342, 342, 342, 342, 342, 342, 342, 342, 342, 342, 342, 342, 342, 342, 342, 342, 342, 342, 342, 342, 342, 342, 342, 342, 342, 342, 342, 342, 342, 342, 342, 342, 342, 342, 342, 342, 342, 342, 342, 342, 342, 342, 342, 342, 342, 342, 342, 342, 342, 342, 342, 342, 342, 342, 342, 342, 342, 342, 342, 342, 342, 342, 342, 342, 342, 342, 342, 342, 342, 342, 342, 342, 342, 342, 342, 342, 342, 342, 342, 342, 342, 342, 342, 342, 342, 342, 342, 342, 342, 342, 342, 342, 342, 342, 342, 342, 342, 342, 342, 342, 342, 342, 342, 342, 342, 342, 342, 342, 342, 342, 342, 342, 342, 342, 342, 342, 342, 342, 342, 342, 342, 342, 342, 342, 342, 342, 342, 342, 342, 342, 342, 342, 342, 342, 342, 342, 342, 342, 342, 342, 342, 342, 342, 342, 342, 342, 342, 342, 342, 342, 342, 342, 342, 342, 342, 342, 342, 342, 342, 342, 342, 342, 342, 342, 342, 342, 342, 342, 342, 342, 342, 342, 342, 342, 342, 342, 342, 342, 342, 342, 342, 342, 342, 342, 342, 342, 342, 342, 342, 342, 342, 342, 342, 342, 342, 342, 342, 342, 342, 342, 342, 342, 342, 342, 342, 342, 342, 342, 342, 342, 342, 342, 342, 342, 342, 342, 342, 342, 342, 342, 342, 342, 342, 342, 342, 342, 342, 342, 342, 342, 342, 342, 342, 342, 342, 342, 342, 342, 342, 342, 342, 342, 342, 342, 342, 342, 342, 342, 342, 342, 342, 342, 342, 342, 342, 342, 342, 342, 342, 342, 342, 342, 342, 342, 342, 342, 342, 342, 342, 342, 342, 342, 342, 342, 342, 342, 342, 342, 342, 342, 342, 342, 342, 342, 342, 342, 342, 342, 342, 342, 342, 342, 342, 342, 342, 342, 342, 342, 342, 342, 342, 342, 342, 342, 342, 342, 342, 342, 342, 342, 342, 342, 342, 342, 342, 342, 342, 342, 342, 342, 342, 342, 342, 342, 342, 342, 342, 342, 342, 342, 342, 342, 342, 342, 342, 342, 342, 342, 342, 342, 342, 342, 342, 342, 342, 342, 342, 342, 342, 342, 342, 342, 342, 342, 342, 342, 342, 342, 342, 342, 342, 342, 342, 342, 342, 342, 342, 342, 342, 342, 342, 342, 342, 342, 342, 342, 342, 342, 342, 342, 342, 342, 342, 342, 342, 342, 342, 342, 342, 342, 342, 342, 342, 342, 342, 342, 342, 342, 342, 342, 342, 342, 342, 342, 342, 342, 342, 342, 342, 342, 342, 342, 342, 342, 342, 342, 342, 342, 342, 342, 342, 342, 342, 342, 342, 342, 342, 342, 342, 342, 342, 342, 342, 342, 342, 342, 342, 342, 342, 342, 342, 342, 342, 342, 342, 342, 342, 342, 342, 342, 342, 342, 342, 342, 342, 342, 342, 342, 342, 342, 342, 342, 342, 342, 342, 342, 342, 342, 342, 342, 342, 342, 342, 342, 342, 342, 342, 342, 342, 342, 342, 342, 342, 342, 342, 342, 342, 342, 342, 342, 342, 342, 342, 342, 342, 342, 342, 342, 342, 342, 342, 342, 342, 342, 342, 342, 342, 342, 342, 342, 342, 342, 342, 342, 342, 342, 342, 342, 342, 342, 342, 342, 342, 342, 342, 342, 342, 342, 342, 342, 342, 342, 342, 342, 342, 342, 342, 342, 342, 342, 342, 342, 342, 342, 342, 342, 342, 342, 342, 342, 342, 342, 342, 342, 342, 342, 342, 342, 342, 342, 342, 342, 342, 342, 342, 342, 342, 342, 342, 342, 342, 342, 342, 342, 342, 342, 342, 342, 342, 342, 342, 342, 342, 342, 342, 342, 342, 342, 342, 342, 342, 342, 342, 342, 342, 342, 342, 342, 342, 342, 342, 342, 342, 342, 342, 342, 342, 342, 342, 342, 342, 342, 342, 342, 342, 342, 342, 342, 342, 342, 342, 342, 342, 342, 342, 342, 342, 342, 342, 342, 342, 342, 342, 342, 342, 342, 342, 342, 342, 342, 342, 342, 342, 342, 921, 921, 921, 921, 921, 921, 921, 921, 342, 342, 342, 342, 342, 342, 342, 342, 342, 342, 342, 342, 342, 342, 342, 342, 342, 342, 342, 342, 342, 342, 342, 342, 342, 342, 342, 342, 342, 342, 342, 342, 342, 342, 342, 342, 342, 342, 342, 342, 342, 342, 342, 342, 342, 342, 342, 342, 342, 342, 342, 342, 342, 342, 342, 342, 342, 342, 342, 342, 342, 342, 342, 342, 342, 342, 342, 342, 342, 342, 342, 342, 342, 342, 342, 342, 342, 342, 342, 342, 342, 342, 342, 342, 342, 342, 342, 342, 342, 342, 342, 342, 342, 342, 342, 342, 342, 342, 342, 342, 342, 342, 342, 342, 342, 342, 342, 342, 342, 342, 342, 342, 342, 342, 342, 342, 342, 342, 342, 342, 342, 342, 342, 342, 342, 342, 342, 342, 342, 342, 342, 342, 342, 342, 342, 342, 342, 342, 342, 342, 342, 342, 342, 342, 342, 342, 342, 342, 342, 342, 342, 342, 342, 342, 342, 342, 342, 342, 342, 342, 342, 342, 342, 342, 342, 342, 342, 342, 342, 342, 342, 342, 342, 342, 342, 342, 342, 342, 342, 342, 342, 342, 342, 342, 342, 342, 342, 342, 342, 342, 342, 342, 342, 342, 342, 342, 342, 342, 342, 342, 342, 342, 342, 342, 342, 342, 342, 342, 342, 342, 342, 342, 342, 342, 342, 342, 342, 342, 342, 342, 342, 342, 342, 342, 342, 342, 342, 342, 342, 342, 342, 342, 342, 342, 342, 342, 342, 342, 342, 342, 342, 342, 342, 342, 342, 342, 342, 342, 342, 342, 342, 342, 342, 342, 342, 342, 342, 342, 342, 342, 342, 342, 342, 342, 342, 342, 342, 342, 342, 342, 342, 342, 342, 342, 342, 342, 342, 342, 342, 342, 124, 124, 124, 124, 124, 124, 124, 124, 124, 124, 124, 124, 124, 124, 124, 124, 124, 124, 124, 124, 124, 124, 124, 124, 124, 124, 124, 124, 124, 124, 124, 124, 124, 124, 124, 124, 124, 124, 124, 342, 342, 342, 342, 342, 342, 342, 342, 342, 342, 342, 342, 342, 342, 342, 342, 342, 342, 342, 342, 342, 342, 342, 342, 342, 342, 342, 342, 342, 342, 342, 342, 342, 342, 342, 342, 342, 342, 342, 342, 342, 342, 342, 342, 342, 342, 342, 342, 342, 342, 342, 342, 342, 342, 342, 342, 342, 342, 342, 342, 342, 342, 342, 342, 342, 342, 342, 342, 342, 342, 342, 342, 342, 342, 342, 342, 342, 342, 342, 342, 342, 342, 342, 342, 342, 342, 342, 342, 342, 342, 342, 342, 342, 342, 342, 342, 342, 342, 342, 342, 342, 342, 342, 342, 342, 342, 342, 342, 342, 342, 342, 342, 342, 342, 342, 342, 342, 342, 342, 342, 342, 342, 342, 342, 342, 342, 342, 342, 342, 342, 342, 342, 342, 342, 342, 342, 342, 342, 342, 342, 342, 342, 342, 342, 342, 342, 342, 342, 342, 342, 342, 342, 342, 342, 342, 342, 342, 342, 342, 342, 342, 342, 342, 342, 342, 342, 342, 342, 342, 342, 342, 342, 342, 342, 342, 342, 342, 342, 342, 342, 342, 342, 342, 342, 342, 342, 342, 342, 342, 342, 342, 342, 342, 342, 342, 342, 342, 342, 342, 342, 342, 342, 342, 342, 342, 342, 342, 342, 342, 342, 342, 342, 342, 342, 342, 342, 342, 342, 342, 342, 342, 342, 342, 342, 342, 342, 342, 342, 342, 342, 342, 342, 342, 342, 342, 342, 342, 342, 342, 342, 342, 342, 342, 342, 342, 342, 342, 342, 342, 342, 342, 342, 342, 342, 342, 342, 342, 342, 342, 342, 342, 338, 338, 338, 338, 338, 338, 338, 338, 338, 338, 338, 338, 338, 338, 338, 338, 338, 338, 338, 338, 338, 338, 338, 338, 338, 338, 338, 338, 338, 338, 338, 338, 338, 338, 338, 338, 338, 338, 338, 342, 342, 342, 342, 342, 342, 342, 342, 342, 342, 342, 342, 342, 342, 342, 342, 342, 342, 342, 342, 342, 342, 342, 342, 342, 342, 342, 342, 342, 342, 342, 342, 342, 342, 342, 342, 342, 342, 342, 342, 342, 342, 342, 342, 342, 342, 342, 342, 342, 342, 342, 342, 342, 342, 342, 342, 342, 342, 342, 342, 342, 342, 342, 342, 342, 342, 342, 342, 342, 342, 342, 342, 342, 342, 342, 342, 342, 342, 342, 342, 342, 342, 342, 342, 342, 342, 342, 342, 342, 342, 342, 342, 342, 342, 342, 342, 342, 342, 342, 342, 342, 342, 342, 342, 342, 342, 342, 342, 342, 342, 342, 342, 342, 342, 342, 342, 342, 342, 342, 342, 342, 342, 342, 342, 342, 342, 342, 342, 342, 342, 342, 342, 342, 342, 342, 342, 342, 342, 342, 342, 342, 342, 342, 342, 342, 342, 342, 342, 342, 342, 342, 342, 342, 342, 342, 342, 342, 342, 342, 342, 342, 342, 342, 342, 342, 342, 342, 342, 342, 342, 342, 342, 342, 342, 342, 342, 342, 342, 342, 342, 342, 342, 342, 342, 342, 342, 342, 342, 342, 342, 342, 342, 342, 342, 342, 342, 342, 342, 342, 342, 342, 342, 342, 342, 342, 342, 342, 342, 342, 342, 342, 342, 342, 342, 342, 342, 342, 342, 342, 342, 342, 342, 342, 342, 342, 342, 342, 342, 342, 342, 342, 342, 342, 342, 342, 342, 342, 342, 342, 342, 342, 342, 342, 342, 342, 342, 342, 342, 342, 342, 342, 342, 342, 342, 342, 342, 342, 342, 342, 342, 342, 338, 338, 338, 338, 338, 338, 338, 338, 338, 338, 338, 338, 338, 338, 338, 338, 338, 338, 338, 338, 338, 338, 338, 338, 338, 338, 338, 338, 338, 338, 338, 338, 338, 338, 338, 338, 338, 338, 338, 342, 342, 342, 342, 342, 342, 342, 342, 342, 342, 342, 342, 342, 342, 342, 342, 342, 342, 342, 342, 342, 342, 342, 342, 342, 342, 342, 342, 342, 342, 342, 342, 342, 342, 342, 342, 342, 342, 342, 342, 342, 342, 342, 342, 342, 342, 342, 342, 342, 342, 342, 342, 342, 342, 342, 342, 342, 342, 342, 342, 342, 342, 342, 342, 342, 342, 342, 342, 342, 342, 342, 342, 342, 342, 342, 342, 342, 342, 342, 342, 342, 342, 342, 342, 342, 342, 342, 342, 342, 342, 342, 342, 342, 342, 342, 342, 342, 342, 342, 342, 342, 342, 342, 342, 342, 342, 342, 342, 342, 342, 342, 342, 342, 342, 342, 342, 342, 342, 342, 342, 342, 342, 342, 342, 342, 342, 342, 342, 342, 342, 342, 342, 342, 342, 342, 342, 342, 342, 342, 342, 342, 342, 342, 342, 342, 342, 342, 342, 342, 342, 342, 342, 342, 342, 342, 342, 342, 342, 342, 342, 342, 342, 342, 342, 342, 342, 342, 342, 342, 342, 342, 342, 342, 342, 342, 342, 342, 342, 342, 342, 342, 342, 342, 342, 342, 342, 342, 342, 342, 342, 342, 342, 342, 342, 342, 342, 342, 342, 342, 342, 342, 342, 342, 342, 342, 342, 342, 342, 342, 342, 342, 342, 342, 342, 342, 342, 342, 342, 342, 342, 342, 342, 342, 342, 342, 342, 342, 342, 342, 342, 342, 342, 342, 342, 342, 342, 342, 342, 342, 342, 342, 342, 342, 342, 342, 342, 342, 342, 342, 342, 342, 342, 342, 342, 342, 342, 342, 342, 342, 342, 342, 338, 338, 338, 338, 338, 338, 338, 338, 338, 338, 338, 338, 338, 338, 338, 338, 338, 338, 338, 338, 338, 338, 338, 338, 338, 338, 338, 338, 338, 338, 338, 338, 338, 338, 338, 338, 338, 338, 338, 342, 342, 342, 342, 342, 342, 342, 342, 342, 342, 342, 342, 342, 342, 342, 342, 342, 342, 342, 342, 342, 342, 342, 342, 342, 342, 342, 342, 342, 342, 342, 342, 342, 342, 342, 342, 342, 342, 342, 342, 342, 342, 342, 342, 342, 342, 342, 342, 342, 342, 342, 342, 342, 342, 342, 342, 342, 342, 342, 342, 342, 342, 342, 342, 342, 342, 342, 342, 342, 342, 342, 342, 342, 342, 342, 342, 342, 342, 342, 342, 342, 342, 342, 342, 342, 342, 342, 342, 342, 342, 342, 342, 342, 342, 342, 342, 342, 342, 342, 342, 342, 342, 342, 342, 342, 342, 342, 342, 342, 342, 342, 342, 342, 342, 342, 342, 342, 342, 342, 342, 342, 342, 342, 342, 342, 342, 342, 342, 342, 342, 342, 342, 342, 342, 342, 342, 342, 342, 342, 342, 342, 342, 342, 342, 342, 342, 342, 342, 342, 342, 342, 342, 342, 342, 342, 342, 342, 342, 342, 342, 342, 342, 342, 342, 342, 342, 342, 342, 342, 342, 342, 342, 342, 342, 342, 342, 342, 342, 342, 342, 342, 342, 342, 342, 342, 342, 342, 342, 342, 342, 342, 342, 342, 342, 342, 342, 342, 342, 342, 342, 342, 342, 342, 342, 342, 342, 342, 342, 342, 342, 342, 342, 342, 342, 342, 342, 342, 342, 342, 342, 342, 342, 342, 342, 342, 342, 342, 342, 342, 342, 342, 342, 342, 342, 342, 342, 342, 342, 342, 342, 342, 342, 342, 342, 342, 342, 342, 342, 342, 342, 342, 342, 342, 342, 342, 342, 342, 342, 342, 342, 342, 342, 342, 342, 342, 342, 342, 342, 342, 342, 342, 342, 342, 342, 342, 342, 342, 342, 342, 342, 342, 342, 342, 342, 342, 342, 342, 342, 342, 342, 342, 342, 342, 342, 342, 342, 342, 342, 342, 342, 342, 342, 342, 342, 342, 342, 342, 342, 342, 342, 342, 342, 342, 342, 342, 342, 342, 342, 342, 342, 342, 342, 342, 342, 342, 342, 342, 342, 342, 342, 342, 342, 342, 342, 342, 342, 342, 342, 342, 342, 342, 342, 342, 342, 342, 342, 342, 342, 342, 342, 342, 342, 342, 342, 342, 342, 342, 342, 342, 342, 342, 342, 342, 342, 342, 342, 342, 342, 342, 342, 342, 342, 342, 342, 342, 342, 342, 342, 342, 342, 342, 342, 342, 342, 342, 342, 342, 342, 342, 342, 342, 342, 342, 342, 342, 342, 342, 342, 342, 342, 342, 342, 342, 342, 342, 342, 342, 342, 342, 342, 342, 342, 342, 342, 342, 342, 342, 342, 342, 342, 342, 342, 342, 342, 342, 342, 342, 342, 342, 342, 342, 342, 342, 342, 342, 342, 342, 342, 342, 342, 342, 342, 342, 342, 342, 342, 342, 342, 342, 342, 342, 342, 342, 342, 342, 342, 342, 342, 342, 342, 342, 342, 342, 342, 342, 342, 342, 342, 342, 342, 342, 342, 342, 342, 342, 342, 342, 342, 342, 342, 342, 342, 342, 342, 342, 342, 342, 342, 342, 342, 342, 342, 342, 342, 342, 342, 342, 342, 342, 342, 342, 342, 342, 342, 342, 342, 342, 342, 342, 342, 342, 342, 342, 342, 342, 342, 342, 342, 342, 342, 342, 342, 342, 342, 342, 342, 342, 342, 342, 342, 342, 342, 342, 342, 342, 342, 342, 342, 342, 342, 342, 342, 342, 342, 342, 342, 342, 342, 342, 342, 342, 342, 342, 342, 342, 342, 342, 342, 342, 342, 342, 342, 342, 342, 342, 342, 342, 342, 342, 342, 342, 342, 342, 342, 342, 342, 342, 342, 342, 342, 342, 342, 342, 342, 342, 342, 342, 342, 342, 342, 342, 342, 342, 342, 342, 342, 342, 342, 342, 342, 342, 342, 342, 342, 342, 342, 342, 342, 342, 342, 342, 342, 342, 342, 342, 342, 342, 342, 342, 342, 342, 342, 342, 342, 342, 342, 342, 342, 342, 342, 342, 342, 342, 342, 342, 342, 342, 342, 342, 342, 342, 342, 342, 342, 342, 342, 342, 342, 342, 342, 342, 342, 342, 342, 342, 342, 342, 342, 342, 342, 342, 342, 342, 342, 342, 342, 342, 342, 342, 342, 342, 342, 342, 342, 342, 342, 342, 342, 342, 342, 342, 342, 342, 342, 342, 342, 342, 342, 342, 342, 342, 342, 342, 342, 342, 342, 342, 342, 342, 342, 342, 342, 342, 342, 342, 342, 342, 342, 342, 342, 342, 342, 342, 342, 342, 342, 342, 342, 342, 342, 342, 342, 342, 342, 342, 342, 342, 342, 342, 342, 342, 342, 342, 342, 342, 342, 342, 342, 342, 342, 342, 342, 342, 342, 342, 342, 342, 342, 342, 342, 342, 342, 342, 342, 342, 342, 342, 342, 342, 342, 342, 342, 342, 342, 342, 342, 342, 342, 342, 342, 342, 342, 342, 342, 342, 342, 342, 342, 342, 342, 342, 342, 342, 342, 342, 342, 342, 342, 342, 342, 342, 342, 342, 342, 342, 342, 342, 342, 342, 342, 342, 342, 342, 342, 342, 342, 342, 342, 342, 342, 342, 342, 342, 342, 342, 342, 342, 342, 342, 342, 342, 342, 342, 342, 342, 342, 342, 342, 342, 342, 342, 342, 342, 342, 342, 342, 342, 342, 342, 342, 342, 342, 342, 342, 342, 342, 342, 342, 342, 342, 342, 342, 342, 342, 342, 342, 342, 342, 342, 342, 342, 342, 342, 342, 342, 342, 342, 342, 342, 342, 342, 342, 342, 342, 342, 342, 342, 342, 342, 342, 342, 342, 342, 342, 342, 342, 342, 342, 342, 342, 342, 342, 342, 342, 342, 342, 342, 342, 342, 342, 342, 342, 342, 342, 342, 342, 342, 342, 342, 342, 342, 342, 342, 342, 342, 342, 342, 342, 342, 342, 342, 342, 342, 342, 342, 342, 342, 342, 342, 342, 342, 342, 342, 342, 342, 342, 342, 342, 342, 342, 342, 342, 342, 342, 342, 342, 342, 342, 342, 342, 342, 342, 342, 342, 342, 342, 342, 342, 342, 342, 342, 342, 342, 342, 342, 342, 342, 342, 342, 342, 342, 342, 342, 342, 342, 342, 342, 342, 342, 342, 342, 342, 342, 342, 342, 342, 342, 342, 342, 342, 342, 342, 342, 342, 342, 342, 342, 342, 342, 342, 342, 342, 342, 342, 342, 342, 342, 342, 342, 342, 342, 342, 342, 342, 342, 342, 342, 342, 342, 342, 342, 342, 342, 342, 342, 342, 342, 342, 342, 342, 342, 342, 342, 342, 342, 342, 342, 342, 342, 342, 342, 342, 342, 342, 342, 342, 342, 342, 342, 342, 342, 342, 342, 342, 342, 342, 342, 342, 342, 342, 342, 342, 342, 342, 342, 342, 342, 342, 342, 342, 342, 342, 342, 342, 342, 342, 342, 342, 342, 342, 342, 342, 342, 342, 342, 342, 342, 342, 342, 342, 342, 342, 342, 342, 342, 342, 342, 342, 342, 342, 342, 342, 342, 342, 342, 342, 342, 342, 342, 342, 342, 342, 342, 342, 342, 342, 342, 342, 342, 342, 342, 342, 342, 342, 342, 342, 342, 342, 342, 342, 342, 342, 342, 342, 342, 342, 342, 342, 342, 342, 342, 342, 342, 342, 342, 342, 342, 342, 342, 342, 342, 342, 342, 342, 342, 342, 342, 342, 342, 342, 342, 342, 342, 342, 342, 342, 342, 342, 342, 342, 342, 342, 342, 342, 342, 342, 342, 342, 342, 342, 342, 342, 342, 342, 342, 342, 342, 342, 342, 342, 342, 342, 342, 342, 342, 342, 342, 342, 342, 342, 342, 342, 342, 342, 342, 342, 342, 342, 342, 342, 342, 342, 342, 342, 342, 342, 342, 342, 342, 342, 342, 342, 342, 342, 342, 342, 342, 342, 342, 342, 342, 342, 342, 342, 342, 342, 342, 342, 342, 342, 342, 342, 342, 342, 342, 342, 342, 342, 342, 342, 342, 342, 342, 342, 342, 342, 342, 342, 342, 342, 342, 342, 342, 342, 342, 342, 342, 342, 342, 342, 342, 342, 342, 342, 342, 342, 342, 342, 342, 342, 342, 342, 342, 342, 342, 342, 342, 342, 342, 342, 342, 342, 342, 342, 342, 342, 342, 342, 342, 342, 342, 342, 342, 342, 342, 342, 342, 342, 342, 342, 342, 342, 342, 342, 342, 342, 342, 342, 342, 342, 342, 342, 342, 342, 342, 342, 342, 342, 342, 342, 342, 342, 342, 342, 342, 342, 342, 342, 342, 342, 342, 342, 342, 342, 342, 342, 342, 342, 342, 342, 342, 342, 342, 342, 342, 342, 342, 342, 342, 342, 342, 342, 342, 342, 342, 342, 342, 342, 342, 342, 342, 342, 342, 342, 342, 342, 342, 342, 342, 342, 342, 342, 342, 342, 342, 342, 342, 342, 342, 342, 342, 342, 342, 342, 342, 342, 342, 342, 342, 342, 342, 342, 342, 342, 342, 342, 342, 342, 342, 342, 342, 342, 342, 342, 342, 342, 342, 342, 342, 342, 342, 342, 342, 342, 342, 342, 342, 342, 342, 342, 342, 342, 342, 342, 342, 342, 342, 342, 342, 342, 342, 342, 342, 342, 342, 342, 342, 342, 342, 342, 342, 342, 342, 342, 342, 342, 342, 342, 342, 342, 342, 342, 342, 342, 342, 342, 342, 342, 342, 342, 342, 342, 342, 342, 342, 342, 342, 342, 342, 342, 342, 342, 342, 342, 342, 342, 342, 342, 342, 342, 342, 342, 342, 342, 342, 342, 342, 342, 342, 342, 342, 342, 342, 342, 342, 342, 342, 342, 342, 342, 342, 342, 342, 342, 342, 342, 342, 342, 342, 342, 342, 342, 342, 342, 342, 342, 342, 342, 342, 342, 342, 342, 342, 342, 342, 342, 342, 342, 342, 342, 342, 342, 342, 342, 342, 342, 342, 342, 342, 342, 342, 342, 342, 342, 342, 342, 342, 342, 342, 342, 342, 342, 342, 342, 342, 342, 342, 342, 342, 342, 342, 342, 342, 342, 342, 342, 342, 342, 342, 342, 342, 342, 342, 342, 342, 342, 342, 342, 342, 342, 342, 342, 342, 342, 342, 342, 342, 342, 342, 342, 342, 342, 342, 342, 342, 342, 342, 342, 342, 342, 342, 342, 342, 342, 342, 342, 342, 342, 342, 342, 342, 342, 342, 342, 342, 342, 342, 342, 342, 342, 342, 342, 342, 342, 342, 342, 342, 342, 342, 342, 342, 342, 342, 342, 342, 342, 342, 342, 342, 342, 342, 342, 342, 342, 342, 342, 342, 342, 342, 342, 342, 342, 342, 342, 342, 342, 342, 342, 342, 342, 342, 342, 342, 342, 342, 342, 342, 342, 342, 342, 342, 342, 342, 342, 342, 342, 342, 342, 342, 342, 342, 342, 342, 342, 342, 342, 342, 342, 342, 342, 342, 342, 342, 342, 342, 342, 342, 342, 342, 342, 342, 342, 342, 342, 342, 342, 342, 342, 342, 342, 342, 342, 342, 342, 342, 342, 342, 342, 342, 342, 342, 342, 342, 342, 342, 342, 342, 342, 342, 342, 342, 342, 342, 342, 342, 342, 342, 342, 342, 342, 342, 342, 342, 342, 342, 342, 342, 342, 342, 342, 342],
         "height":30,
         "name":"background1",
         "opacity":1,
         "type":"tilelayer",
         "visible":true,
         "width":300,
         "x":0,
         "y":0
        }, 
        {
         "color":"#d92222",
         "draworder":"topdown",
         "height":30,
         "name":"Object Layer 1",
         "objects":[
                {
                 "height":24,
                 "id":1,
                 "name":"",
                 "rotation":0,
                 "type":"",
                 "visible":true,
                 "width":124,
                 "x":422,
                 "y":418
                }, 
                {
                 "height":22,
                 "id":2,
                 "name":"",
                 "rotation":0,
                 "type":"",
                 "visible":true,
                 "width":102,
                 "x":189,
                 "y":421
                }, 
                {
                 "height":21.375,
                 "id":8,
                 "name":"",
                 "properties":
                    {
                     "Collidable":""
                    },
                 "propertytypes":
                    {
                     "Collidable":"string"
                    },
                 "rotation":0,
                 "type":"collision",
                 "visible":true,
                 "width":42.125,
                 "x":209.75,
                 "y":398.875
                }, 
                {
                 "height":0,
                 "id":15,
                 "name":"",
                 "rotation":0,
                 "type":"",
                 "visible":true,
                 "width":0,
                 "x":210.666666666667,
                 "y":446.666666666667
                }, 
                {
                 "height":0,
                 "id":16,
                 "name":"",
                 "rotation":0,
                 "type":"",
                 "visible":true,
                 "width":0,
                 "x":208.666666666667,
                 "y":460.666666666667
                }],
         "opacity":1,
         "type":"objectgroup",
         "visible":true,
         "width":300,
         "x":0,
         "y":0
        }, 
        {
         "data":[0, 0, 0, 0, 0, 0, 0, 0, 0, 0, 0, 0, 0, 0, 0, 0, 0, 0, 0, 0, 0, 0, 0, 0, 0, 0, 0, 0, 0, 0, 0, 0, 0, 0, 0, 0, 0, 0, 0, 0, 0, 0, 0, 0, 0, 0, 0, 0, 0, 0, 0, 0, 0, 0, 0, 0, 0, 0, 0, 0, 0, 0, 0, 0, 0, 0, 0, 0, 0, 0, 0, 0, 0, 0, 0, 0, 0, 0, 0, 0, 0, 0, 0, 0, 0, 0, 0, 0, 0, 0, 0, 0, 0, 0, 0, 0, 0, 0, 0, 0, 0, 0, 0, 0, 0, 0, 0, 0, 0, 0, 0, 0, 0, 0, 0, 0, 0, 0, 0, 0, 0, 0, 0, 0, 0, 0, 0, 0, 0, 0, 0, 0, 0, 0, 0, 0, 0, 0, 0, 0, 0, 0, 0, 0, 0, 0, 0, 0, 0, 0, 0, 0, 0, 0, 0, 0, 0, 0, 0, 0, 0, 0, 0, 0, 0, 0, 0, 0, 0, 0, 0, 0, 0, 0, 0, 0, 0, 0, 0, 0, 0, 0, 0, 0, 0, 0, 0, 0, 0, 0, 0, 0, 0, 0, 0, 0, 0, 0, 0, 0, 0, 0, 0, 0, 0, 0, 0, 0, 0, 0, 0, 0, 0, 0, 0, 0, 0, 0, 0, 0, 0, 0, 0, 0, 0, 0, 0, 0, 0, 0, 0, 0, 0, 0, 0, 0, 0, 0, 0, 0, 0, 0, 0, 0, 0, 0, 0, 0, 0, 0, 0, 0, 0, 0, 0, 0, 0, 0, 0, 0, 0, 0, 0, 0, 0, 0, 0, 0, 0, 0, 0, 0, 0, 0, 0, 0, 0, 0, 0, 0, 0, 0, 0, 0, 0, 0, 0, 0, 0, 0, 0, 0, 0, 0, 0, 0, 0, 0, 0, 0, 0, 0, 0, 0, 0, 0, 0, 0, 0, 0, 0, 0, 0, 0, 0, 0, 0, 0, 0, 0, 0, 0, 0, 0, 0, 0, 0, 0, 0, 0, 0, 0, 0, 0, 0, 0, 0, 0, 0, 0, 0, 0, 0, 0, 0, 0, 0, 0, 0, 0, 0, 0, 0, 0, 0, 0, 0, 0, 0, 0, 0, 0, 0, 0, 0, 0, 0, 0, 0, 0, 0, 0, 0, 0, 0, 0, 0, 0, 0, 0, 0, 0, 0, 0, 0, 0, 0, 0, 0, 0, 0, 0, 0, 0, 0, 0, 0, 0, 0, 0, 0, 0, 0, 0, 0, 0, 0, 0, 0, 0, 0, 0, 0, 0, 0, 0, 0, 0, 0, 0, 0, 0, 0, 0, 0, 0, 0, 0, 0, 0, 0, 0, 0, 0, 0, 0, 0, 0, 0, 0, 0, 0, 0, 0, 0, 0, 0, 0, 0, 0, 0, 0, 0, 0, 0, 0, 0, 0, 0, 0, 0, 0, 0, 0, 0, 0, 0, 0, 0, 0, 0, 0, 0, 0, 0, 0, 0, 0, 0, 0, 0, 0, 0, 0, 0, 0, 0, 0, 0, 0, 0, 0, 0, 0, 0, 0, 0, 0, 0, 0, 0, 0, 0, 0, 0, 0, 0, 0, 0, 0, 0, 0, 0, 0, 0, 0, 0, 0, 0, 0, 0, 0, 0, 0, 0, 0, 0, 0, 0, 0, 0, 0, 0, 0, 0, 0, 0, 0, 0, 0, 0, 0, 0, 0, 0, 0, 0, 0, 0, 0, 0, 0, 0, 0, 0, 0, 0, 0, 0, 0, 0, 0, 0, 0, 0, 0, 0, 0, 0, 0, 0, 0, 0, 0, 0, 0, 0, 0, 0, 0, 0, 0, 0, 0, 0, 0, 0, 0, 0, 0, 0, 0, 0, 0, 0, 0, 0, 0, 0, 0, 0, 0, 0, 0, 0, 0, 0, 0, 0, 0, 0, 0, 0, 0, 0, 0, 0, 0, 0, 0, 0, 0, 0, 0, 0, 0, 0, 0, 0, 0, 0, 0, 0, 0, 0, 0, 0, 0, 0, 0, 0, 0, 0, 0, 0, 0, 0, 0, 0, 0, 0, 0, 0, 0, 0, 0, 0, 0, 0, 0, 0, 0, 0, 0, 0, 0, 0, 0, 0, 0, 0, 0, 0, 0, 0, 0, 0, 0, 0, 0, 0, 0, 0, 0, 0, 0, 0, 0, 0, 0, 0, 0, 0, 0, 0, 0, 0, 0, 0, 0, 0, 0, 0, 0, 0, 0, 0, 0, 0, 0, 0, 0, 0, 0, 0, 0, 0, 0, 0, 0, 0, 0, 0, 0, 0, 0, 0, 0, 0, 0, 0, 0, 0, 0, 0, 0, 0, 0, 0, 0, 0, 0, 0, 0, 0, 0, 0, 0, 0, 0, 0, 0, 0, 0, 0, 0, 0, 0, 0, 0, 0, 0, 0, 0, 0, 0, 0, 0, 0, 0, 0, 0, 0, 0, 0, 0, 0, 0, 0, 0, 0, 0, 0, 0, 0, 0, 0, 0, 0, 0, 0, 0, 0, 0, 0, 0, 0, 0, 0, 0, 0, 0, 0, 0, 0, 0, 0, 0, 0, 0, 0, 0, 0, 0, 0, 0, 0, 0, 0, 0, 0, 0, 0, 0, 0, 0, 0, 0, 0, 0, 0, 0, 0, 0, 0, 0, 0, 0, 0, 0, 0, 0, 0, 0, 0, 0, 0, 0, 0, 0, 0, 0, 0, 0, 0, 0, 0, 0, 0, 0, 0, 0, 0, 0, 0, 0, 0, 0, 0, 0, 0, 0, 0, 0, 0, 0, 0, 0, 0, 0, 0, 0, 0, 0, 0, 0, 0, 0, 0, 0, 0, 0, 0, 0, 0, 0, 0, 0, 0, 0, 0, 0, 0, 0, 0, 0, 0, 0, 0, 0, 0, 0, 0, 0, 0, 0, 0, 0, 0, 0, 0, 0, 0, 0, 0, 0, 0, 0, 0, 0, 0, 0, 0, 0, 0, 0, 0, 0, 0, 0, 0, 0, 0, 0, 0, 0, 0, 0, 0, 0, 0, 0, 0, 0, 0, 0, 0, 0, 0, 0, 0, 0, 0, 0, 0, 0, 0, 0, 0, 0, 0, 0, 0, 0, 0, 0, 0, 0, 0, 0, 0, 0, 0, 0, 0, 0, 0, 0, 0, 0, 0, 0, 0, 0, 0, 0, 0, 0, 0, 0, 0, 0, 0, 0, 0, 0, 0, 0, 0, 0, 0, 0, 0, 0, 0, 0, 0, 0, 0, 0, 0, 0, 0, 0, 0, 0, 0, 0, 0, 0, 0, 0, 0, 0, 0, 0, 0, 0, 0, 0, 0, 0, 0, 0, 0, 0, 0, 0, 0, 0, 0, 0, 0, 0, 0, 0, 0, 0, 0, 0, 0, 0, 0, 0, 0, 0, 0, 0, 0, 0, 0, 0, 0, 0, 0, 0, 0, 0, 0, 0, 0, 0, 0, 0, 0, 0, 0, 0, 0, 0, 0, 0, 0, 0, 0, 0, 0, 0, 0, 0, 0, 0, 0, 0, 0, 0, 0, 0, 0, 0, 0, 0, 0, 0, 0, 0, 0, 0, 0, 0, 0, 0, 0, 0, 0, 0, 0, 0, 0, 0, 0, 0, 0, 0, 0, 0, 0, 0, 0, 0, 0, 0, 0, 0, 0, 0, 0, 0, 0, 0, 0, 0, 0, 0, 0, 0, 0, 0, 0, 0, 0, 0, 0, 0, 0, 0, 0, 0, 0, 0, 0, 0, 0, 0, 0, 0, 0, 0, 0, 0, 0, 0, 0, 0, 0, 0, 0, 0, 0, 0, 0, 0, 0, 0, 0, 0, 0, 0, 0, 0, 0, 0, 0, 0, 0, 0, 0, 0, 0, 0, 0, 0, 0, 0, 0, 0, 0, 0, 0, 0, 0, 0, 0, 0, 0, 0, 0, 0, 0, 0, 0, 0, 0, 0, 0, 0, 0, 0, 0, 0, 0, 0, 0, 0, 0, 0, 0, 0, 0, 0, 0, 0, 0, 0, 0, 0, 0, 0, 0, 0, 0, 0, 0, 0, 0, 0, 0, 0, 0, 0, 0, 0, 0, 0, 0, 0, 0, 0, 0, 0, 0, 0, 0, 0, 0, 0, 0, 0, 0, 0, 0, 0, 0, 0, 0, 0, 0, 0, 0, 0, 0, 0, 0, 0, 0, 0, 0, 0, 0, 0, 0, 0, 0, 0, 0, 0, 0, 0, 0, 0, 0, 0, 0, 0, 0, 0, 0, 0, 0, 0, 0, 0, 0, 0, 0, 0, 0, 0, 0, 0, 0, 0, 0, 0, 0, 0, 0, 0, 0, 0, 0, 0, 0, 0, 0, 0, 0, 0, 0, 0, 0, 0, 0, 0, 0, 0, 0, 0, 0, 0, 0, 0, 0, 0, 0, 0, 0, 0, 0, 0, 0, 0, 0, 0, 0, 0, 0, 0, 0, 0, 0, 0, 0, 0, 0, 0, 0, 0, 0, 0, 0, 0, 0, 0, 0, 0, 0, 0, 0, 0, 0, 0, 0, 0, 0, 0, 0, 0, 0, 0, 0, 0, 0, 0, 0, 0, 0, 0, 0, 0, 0, 0, 0, 0, 0, 0, 0, 0, 0, 0, 0, 0, 0, 0, 0, 0, 0, 0, 0, 0, 0, 0, 0, 0, 0, 0, 0, 0, 0, 0, 0, 0, 0, 0, 0, 0, 0, 0, 0, 0, 0, 0, 0, 0, 0, 0, 0, 0, 0, 0, 0, 0, 0, 0, 0, 0, 0, 0, 0, 0, 0, 0, 0, 0, 0, 0, 0, 0, 0, 0, 0, 0, 0, 0, 0, 0, 0, 0, 0, 0, 0, 0, 0, 0, 0, 0, 0, 0, 0, 0, 0, 0, 0, 0, 0, 0, 0, 0, 0, 0, 0, 0, 0, 0, 0, 0, 0, 0, 0, 0, 0, 0, 0, 0, 0, 0, 0, 0, 0, 0, 0, 0, 0, 0, 0, 0, 0, 0, 0, 0, 0, 0, 0, 0, 0, 0, 0, 0, 0, 0, 0, 0, 0, 0, 0, 0, 0, 0, 0, 0, 0, 0, 0, 0, 0, 0, 0, 0, 0, 0, 0, 0, 0, 0, 0, 0, 0, 0, 0, 0, 0, 0, 0, 0, 0, 0, 0, 0, 0, 0, 0, 0, 0, 0, 0, 0, 0, 0, 0, 0, 0, 0, 0, 0, 0, 0, 0, 0, 0, 0, 0, 0, 0, 0, 0, 0, 0, 0, 0, 0, 0, 0, 0, 0, 0, 0, 0, 0, 0, 0, 0, 0, 0, 0, 0, 0, 0, 0, 0, 0, 0, 0, 0, 0, 0, 0, 0, 0, 0, 0, 0, 0, 0, 0, 0, 0, 0, 0, 0, 0, 0, 0, 0, 0, 0, 0, 0, 0, 0, 0, 0, 0, 0, 0, 0, 0, 0, 0, 0, 0, 0, 0, 0, 0, 0, 0, 0, 0, 0, 0, 0, 0, 0, 0, 0, 0, 0, 0, 0, 0, 0, 0, 0, 0, 0, 0, 0, 0, 0, 0, 0, 0, 0, 0, 0, 0, 0, 0, 0, 0, 0, 0, 0, 0, 0, 0, 0, 0, 0, 0, 0, 0, 0, 0, 0, 0, 0, 0, 0, 0, 0, 0, 0, 0, 0, 0, 0, 0, 0, 0, 0, 0, 0, 0, 0, 0, 0, 0, 0, 0, 0, 0, 0, 0, 0, 0, 0, 0, 0, 0, 0, 0, 0, 0, 0, 0, 0, 0, 0, 0, 0, 0, 0, 0, 0, 0, 0, 0, 0, 0, 0, 0, 0, 0, 0, 0, 0, 0, 0, 0, 0, 0, 0, 0, 0, 0, 0, 0, 0, 0, 0, 0, 0, 0, 0, 0, 0, 0, 0, 0, 0, 0, 0, 0, 0, 0, 0, 0, 0, 0, 0, 0, 0, 0, 0, 0, 0, 0, 0, 0, 0, 0, 0, 0, 0, 0, 0, 0, 0, 0, 0, 0, 0, 0, 0, 0, 0, 0, 0, 0, 0, 0, 0, 0, 0, 0, 0, 0, 0, 0, 0, 0, 0, 0, 0, 0, 0, 0, 0, 0, 0, 0, 0, 0, 0, 0, 0, 0, 0, 0, 0, 0, 0, 0, 0, 0, 0, 0, 0, 0, 0, 0, 0, 0, 0, 0, 0, 0, 0, 0, 0, 0, 0, 0, 0, 0, 0, 0, 0, 0, 0, 0, 0, 0, 0, 0, 0, 0, 0, 0, 0, 0, 0, 0, 0, 0, 0, 0, 0, 0, 0, 0, 0, 0, 0, 0, 0, 0, 0, 0, 0, 0, 0, 0, 0, 0, 0, 0, 0, 0, 0, 0, 0, 0, 0, 0, 0, 0, 0, 0, 0, 0, 0, 0, 0, 0, 0, 0, 0, 0, 0, 0, 0, 0, 0, 0, 0, 0, 0, 0, 0, 0, 0, 0, 0, 0, 0, 0, 0, 0, 0, 0, 0, 0, 0, 0, 0, 0, 0, 0, 0, 0, 0, 0, 0, 0, 0, 0, 0, 0, 0, 0, 0, 0, 0, 0, 0, 0, 0, 0, 0, 0, 0, 0, 0, 0, 0, 0, 0, 0, 0, 0, 0, 0, 0, 0, 0, 0, 0, 0, 0, 0, 0, 0, 0, 0, 0, 0, 0, 0, 0, 0, 0, 0, 0, 0, 0, 0, 0, 0, 0, 0, 0, 0, 0, 0, 0, 0, 0, 0, 0, 0, 0, 0, 0, 0, 0, 0, 0, 0, 0, 0, 0, 0, 0, 0, 0, 0, 0, 0, 0, 0, 0, 0, 0, 0, 0, 0, 0, 0, 0, 0, 0, 0, 0, 0, 0, 0, 0, 0, 0, 0, 0, 0, 0, 0, 0, 0, 0, 0, 0, 0, 0, 0, 0, 0, 0, 0, 0, 0, 0, 0, 0, 0, 0, 0, 0, 0, 0, 0, 0, 0, 0, 0, 0, 0, 0, 0, 0, 0, 0, 0, 0, 0, 0, 0, 0, 0, 0, 0, 0, 0, 0, 0, 0, 0, 0, 0, 0, 0, 0, 0, 0, 0, 0, 0, 0, 0, 0, 0, 0, 0, 0, 0, 0, 0, 0, 0, 0, 0, 0, 0, 0, 0, 0, 0, 0, 0, 0, 0, 0, 0, 0, 0, 0, 0, 0, 0, 0, 0, 0, 0, 0, 0, 0, 0, 0, 0, 0, 0, 0, 0, 0, 0, 0, 0, 0, 0, 0, 0, 0, 0, 0, 0, 0, 0, 0, 0, 0, 0, 0, 0, 0, 0, 0, 0, 0, 0, 0, 0, 0, 0, 0, 0, 0, 0, 0, 0, 0, 0, 0, 0, 0, 0, 0, 0, 0, 0, 0, 0, 0, 0, 0, 0, 0, 0, 0, 0, 0, 0, 0, 0, 0, 0, 0, 0, 0, 0, 0, 0, 0, 0, 0, 0, 0, 0, 0, 0, 0, 0, 0, 0, 0, 0, 0, 0, 0, 0, 0, 0, 0, 0, 0, 0, 0, 0, 0, 0, 0, 0, 0, 0, 0, 0, 0, 0, 0, 0, 0, 0, 0, 0, 0, 0, 0, 0, 0, 0, 0, 0, 0, 0, 0, 0, 0, 0, 0, 0, 0, 0, 0, 0, 0, 0, 0, 0, 0, 0, 0, 0, 0, 0, 0, 0, 0, 0, 0, 0, 0, 0, 0, 0, 0, 0, 0, 0, 0, 0, 0, 0, 0, 0, 0, 0, 0, 0, 0, 0, 0, 0, 0, 0, 0, 0, 0, 0, 0, 0, 0, 0, 0, 0, 0, 0, 0, 0, 0, 0, 0, 0, 0, 0, 0, 0, 0, 0, 0, 0, 0, 0, 0, 0, 0, 0, 0, 0, 0, 0, 0, 0, 0, 0, 0, 0, 0, 0, 0, 0, 0, 0, 0, 0, 0, 0, 0, 0, 0, 0, 0, 0, 0, 0, 0, 0, 0, 0, 0, 0, 0, 0, 0, 0, 0, 0, 0, 0, 0, 0, 0, 0, 0, 0, 0, 0, 0, 0, 0, 0, 0, 0, 0, 0, 0, 0, 0, 0, 0, 0, 0, 0, 0, 0, 0, 0, 0, 0, 0, 0, 0, 0, 0, 0, 0, 0, 0, 0, 0, 0, 0, 0, 0, 0, 0, 0, 0, 0, 0, 0, 0, 0, 0, 0, 0, 0, 0, 0, 0, 0, 0, 0, 0, 0, 0, 0, 0, 0, 0, 0, 0, 0, 0, 0, 0, 0, 0, 0, 0, 0, 0, 0, 0, 0, 0, 0, 0, 0, 0, 0, 0, 0, 0, 0, 0, 0, 0, 0, 0, 0, 0, 0, 0, 0, 0, 0, 0, 0, 0, 0, 0, 0, 0, 0, 0, 0, 0, 0, 0, 0, 0, 0, 0, 0, 0, 0, 0, 0, 0, 0, 0, 0, 0, 0, 0, 0, 0, 0, 0, 0, 0, 0, 0, 0, 0, 0, 0, 0, 0, 0, 0, 0, 0, 0, 0, 0, 0, 0, 0, 0, 0, 0, 0, 0, 0, 0, 0, 0, 0, 0, 0, 0, 0, 0, 0, 0, 0, 0, 0, 0, 0, 0, 0, 0, 0, 0, 0, 0, 0, 0, 0, 0, 0, 0, 0, 0, 0, 0, 0, 0, 0, 0, 0, 0, 0, 0, 0, 0, 0, 0, 0, 0, 0, 0, 0, 0, 0, 0, 0, 0, 0, 0, 0, 0, 0, 0, 0, 0, 0, 0, 0, 0, 0, 0, 0, 0, 0, 0, 0, 0, 0, 0, 0, 0, 0, 0, 0, 0, 0, 0, 0, 0, 0, 0, 0, 0, 0, 0, 0, 0, 0, 0, 0, 0, 0, 0, 0, 0, 0, 0, 0, 0, 0, 0, 0, 0, 0, 0, 0, 0, 0, 0, 0, 0, 0, 0, 0, 0, 0, 0, 0, 0, 0, 0, 0, 0, 0, 0, 0, 0, 0, 0, 0, 0, 0, 0, 0, 0, 0, 0, 0, 0, 0, 0, 0, 0, 0, 0, 0, 0, 0, 0, 0, 0, 0, 0, 0, 0, 0, 0, 0, 0, 0, 0, 0, 0, 0, 0, 0, 0, 0, 0, 0, 0, 0, 0, 0, 0, 0, 0, 0, 0, 0, 0, 0, 0, 0, 0, 0, 0, 0, 0, 0, 0, 0, 0, 0, 0, 0, 0, 0, 0, 0, 0, 0, 0, 0, 0, 0, 0, 0, 0, 0, 0, 0, 0, 0, 0, 0, 0, 0, 0, 0, 0, 0, 0, 0, 0, 0, 0, 0, 0, 0, 0, 0, 0, 0, 0, 0, 0, 0, 0, 0, 0, 0, 0, 0, 0, 0, 0, 0, 0, 0, 0, 0, 0, 0, 0, 0, 0, 0, 0, 0, 0, 0, 0, 0, 0, 0, 0, 0, 0, 0, 0, 0, 0, 0, 0, 0, 0, 0, 0, 0, 0, 0, 0, 0, 0, 0, 0, 0, 0, 0, 0, 0, 0, 0, 0, 0, 0, 0, 0, 0, 0, 0, 0, 0, 0, 0, 0, 0, 0, 0, 0, 0, 0, 0, 0, 0, 0, 0, 0, 0, 0, 0, 0, 0, 0, 0, 0, 0, 0, 0, 0, 0, 0, 0, 0, 0, 0, 0, 0, 0, 0, 0, 0, 0, 0, 0, 0, 0, 0, 0, 0, 0, 0, 0, 0, 0, 0, 0, 0, 0, 0, 0, 0, 0, 0, 0, 0, 0, 0, 0, 0, 0, 0, 0, 0, 0, 0, 0, 0, 0, 0, 0, 0, 0, 0, 0, 0, 0, 0, 0, 0, 0, 0, 0, 0, 0, 0, 0, 0, 0, 0, 0, 0, 0, 0, 0, 0, 0, 0, 0, 0, 0, 0, 0, 0, 0, 0, 0, 0, 0, 0, 0, 0, 0, 0, 0, 0, 0, 0, 0, 0, 0, 0, 0, 0, 0, 0, 0, 0, 0, 0, 0, 0, 0, 0, 0, 0, 0, 0, 0, 0, 0, 0, 0, 0, 0, 0, 0, 0, 0, 0, 0, 0, 0, 0, 0, 0, 0, 0, 0, 0, 0, 0, 0, 0, 0, 0, 0, 0, 0, 0, 0, 0, 0, 0, 0, 0, 0, 0, 0, 0, 0, 0, 0, 0, 0, 0, 0, 0, 0, 0, 0, 0, 0, 0, 0, 0, 0, 0, 0, 0, 0, 0, 0, 0, 0, 0, 0, 0, 0, 0, 0, 0, 0, 0, 0, 0, 0, 0, 0, 0, 0, 0, 0, 0, 0, 0, 0, 0, 0, 0, 0, 0, 0, 0, 0, 0, 0, 0, 0, 0, 0, 0, 0, 0, 0, 0, 0, 0, 0, 0, 0, 0, 0, 0, 0, 0, 0, 0, 0, 0, 0, 0, 0, 0, 0, 0, 0, 0, 0, 0, 0, 0, 0, 0, 0, 0, 0, 0, 0, 0, 0, 0, 0, 0, 0, 0, 0, 0, 0, 0, 0, 0, 0, 0, 0, 0, 0, 0, 0, 0, 0, 0, 0, 0, 0, 0, 0, 0, 0, 0, 0, 0, 0, 0, 0, 0, 0, 0, 0, 0, 0, 0, 0, 0, 0, 0, 0, 0, 0, 0, 0, 0, 0, 0, 0, 0, 0, 0, 0, 0, 0, 0, 0, 0, 0, 0, 0, 0, 0, 0, 0, 0, 0, 0, 0, 0, 0, 0, 0, 0, 0, 0, 0, 0, 0, 0, 0, 0, 0, 0, 0, 0, 0, 0, 0, 0, 0, 0, 0, 0, 0, 0, 0, 0, 0, 0, 0, 0, 0, 0, 0, 0, 0, 0, 0, 0, 0, 0, 0, 0, 0, 0, 0, 0, 0, 0, 0, 0, 0, 0, 0, 0, 0, 0, 0, 0, 0, 0, 0, 0, 0, 0, 0, 0, 0, 0, 0, 0, 0, 0, 0, 0, 0, 0, 0, 0, 0, 0, 0, 0, 0, 0, 0, 0, 0, 0, 0, 0, 0, 0, 0, 0, 0, 0, 0, 0, 0, 0, 0, 0, 0, 0, 0, 0, 0, 0, 0, 0, 0, 0, 0, 0, 0, 0, 0, 0, 0, 0, 0, 0, 0, 0, 0, 0, 0, 0, 0, 0, 0, 0, 0, 0, 0, 0, 0, 0, 0, 0, 0, 0, 0, 0, 0, 0, 0, 0, 0, 0, 0, 0, 0, 0, 0, 0, 0, 0, 0, 0, 0, 0, 0, 0, 0, 0, 0, 0, 0, 0, 0, 0, 0, 0, 0, 0, 0, 0, 0, 0, 0, 0, 0, 0, 0, 0, 0, 0, 0, 0, 0, 0, 0, 0, 0, 0, 0, 0, 0, 0, 0, 0, 0, 0, 0, 0, 0, 0, 0, 0, 0, 0, 0, 0, 0, 0, 0, 0, 0, 0, 0, 0, 0, 0, 0, 0, 0, 0, 0, 0, 0, 0, 0, 0, 0, 0, 0, 0, 0, 0, 0, 0, 0, 0, 0, 0, 0, 0, 0, 0, 0, 0, 0, 0, 0, 0, 0, 0, 0, 0, 0, 0, 0, 0, 0, 0, 0, 0, 0, 0, 0, 0, 0, 0, 0, 0, 0, 0, 0, 0, 0, 0, 0, 0, 0, 0, 0, 0, 0, 0, 0, 0, 0, 0, 0, 0, 0, 0, 0, 0, 0, 0, 0, 0, 0, 0, 0, 0, 0, 0, 0, 0, 0, 0, 0, 0, 0, 0, 0, 0, 0, 0, 0, 0, 0, 0, 0, 0, 0, 0, 0, 0, 0, 0, 0, 0, 0, 0, 0, 0, 0, 0, 0, 0, 0, 0, 0, 0, 0, 0, 0, 0, 0, 0, 0, 0, 0, 0, 0, 0, 0, 0, 0, 0, 0, 0, 0, 0, 0, 0, 0, 0, 0, 0, 0, 0, 0, 0, 0, 0, 0, 0, 0, 0, 0, 0, 0, 0, 0, 0, 0, 0, 0, 0, 0, 0, 0, 0, 0, 0, 0, 0, 0, 0, 0, 0, 0, 0, 0, 0, 0, 0, 0, 0, 0, 0, 0, 0, 0, 0, 0, 0, 0, 0, 0, 0, 0, 0, 0, 0, 0, 0, 0, 0, 0, 0, 0, 0, 0, 0, 0, 0, 0, 0, 0, 0, 0, 0, 0, 0, 0, 0, 0, 0, 0, 0, 0, 0, 0, 0, 0, 0, 0, 0, 0, 0, 0, 0, 0, 0, 0, 0, 0, 0, 0, 0, 0, 0, 0, 0, 0, 0, 0, 0, 0, 0, 0, 0, 0, 0, 0, 0, 0, 0, 0, 0, 0, 0, 0, 0, 0, 0, 0, 0, 0, 0, 0, 0, 0, 0, 0, 0, 0, 0, 0, 0, 0, 0, 0, 0, 0, 0, 0, 0, 0, 0, 0, 0, 0, 0, 0, 0, 0, 0, 0, 0, 0, 0, 0, 0, 0, 0, 0, 0, 0, 0, 0, 0, 0, 0, 0, 0, 0, 0, 0, 0, 0, 0, 0, 0, 0, 0, 0, 0, 0, 0, 0, 0, 0, 0, 0, 0, 0, 0, 0, 0, 0, 0, 0, 0, 0, 0, 0, 0, 0, 0, 0, 0, 0, 0, 0, 0, 0, 0, 0, 0, 0, 0, 0, 0, 0, 0, 0, 0, 0, 0, 0, 0, 0, 0, 0, 0, 0, 0, 0, 0, 0, 0, 0, 0, 0, 0, 0, 0, 0, 0, 0, 0, 0, 0, 0, 0, 0, 0, 0, 0, 0, 0, 0, 0, 0, 0, 0, 0, 0, 0, 0, 0, 0, 0, 0, 0, 0, 0, 0, 0, 0, 0, 0, 0, 0, 0, 0, 0, 0, 0, 0, 0, 0, 0, 0, 0, 0, 0, 0, 0, 0, 0, 0, 0, 0, 0, 0, 0, 0, 0, 0, 0, 0, 0, 0, 0, 0, 0, 0, 0, 0, 0, 0, 0, 0, 0, 0, 0, 0, 0, 0, 0, 0, 0, 0, 0, 0, 0, 0, 0, 0, 0, 0, 0, 0, 0, 0, 0, 0, 0, 0, 0, 0, 0, 0, 0, 0, 0, 0, 0, 0, 0, 0, 0, 0, 0, 0, 0, 0, 0, 0, 0, 0, 0, 0, 0, 0, 0, 0, 0, 0, 0, 0, 0, 0, 0, 0, 0, 0, 0, 0, 0, 0, 0, 0, 0, 0, 0, 0, 0, 0, 0, 0, 0, 0, 0, 0, 0, 0, 0, 0, 0, 0, 0, 0, 0, 0, 0, 0, 0, 0, 0, 0, 0, 0, 0, 0, 0, 0, 0, 0, 0, 0, 0, 0, 0, 0, 0, 0, 0, 0, 0, 0, 0, 0, 0, 0, 0, 0, 0, 0, 0, 0, 0, 0, 0, 0, 0, 0, 0, 0, 0, 0, 0, 0, 0, 0, 0, 0, 0, 0, 0, 0, 0, 0, 0, 0, 0, 0, 0, 0, 0, 0, 0, 0, 0, 0, 0, 0, 0, 0, 0, 0, 0, 0, 0, 0, 0, 0, 0, 0, 0, 0, 0, 0, 0, 0, 0, 0, 0, 0, 0, 0, 0, 0, 0, 0, 0, 0, 0, 0, 0, 0, 0, 0, 0, 0, 0, 0, 0, 0, 0, 0, 0, 0, 0, 0, 0, 0, 0, 0, 0, 0, 0, 0, 0, 0, 0, 0, 0, 0, 0, 0, 0, 0, 0, 0, 0, 0, 0, 0, 0, 0, 0, 0, 0, 0, 0, 0, 0, 0, 0, 0, 0, 0, 0, 0, 0, 0, 0, 0, 0, 0, 0, 0, 0, 0, 0, 0, 0, 0, 0, 0, 0, 0, 0, 0, 0, 0, 0, 0, 0, 0, 0, 0, 0, 0, 0, 0, 0, 0, 0, 0, 0, 0, 0, 0, 0, 0, 0, 0, 0, 0, 0, 0, 0, 0, 0, 0, 0, 0, 0, 0, 0, 0, 0, 0, 0, 0, 0, 0, 0, 0, 0, 0, 0, 0, 0, 0, 0, 0, 0, 0, 0, 0, 0, 0, 0, 0, 0, 0, 0, 0, 0, 0, 0, 0, 0, 0, 0, 0, 0, 0, 0, 0, 0, 0, 0, 0, 0, 0, 0, 0, 0, 0, 0, 0, 0, 0, 0, 0, 0, 0, 0, 0, 0, 0, 0, 0, 0, 0, 0, 0, 0, 0, 0, 0, 0, 0, 0, 0, 0, 0, 0, 0, 0, 0, 0, 0, 0, 0, 0, 0, 0, 0, 0, 0, 0, 0, 0, 0, 0, 0, 0, 0, 0, 0, 0, 0, 0, 0, 0, 0, 0, 0, 0, 0, 0, 0, 0, 0, 0, 0, 0, 0, 0, 0, 0, 0, 0, 0, 0, 0, 0, 0, 0, 0, 0, 0, 0, 0, 0, 0, 0, 0, 0, 0, 0, 0, 0, 0, 0, 0, 0, 0, 0, 0, 0, 0, 0, 0, 0, 0, 0, 0, 0, 0, 0, 0, 0, 0, 0, 0, 0, 0, 0, 0, 0, 0, 0, 0, 0, 0, 0, 0, 0, 0, 0, 0, 0, 0, 0, 0, 0, 0, 0, 0, 0, 0, 0, 0, 0, 0, 0, 0, 0, 0, 0, 0, 0, 0, 0, 0, 0, 0, 0, 0, 0, 0, 0, 0, 0, 0, 0, 0, 0, 0, 0, 0, 0, 0, 0, 0, 0, 0, 0, 0, 0, 0, 0, 0, 0, 0, 0, 0, 0, 0, 0, 0, 0, 0, 0, 0, 0, 0, 0, 0, 0, 0, 0, 0, 0, 0, 0, 0, 0, 0, 0, 0, 0, 0, 0, 0, 0, 0, 0, 0, 0, 0, 0, 0, 0, 0, 0, 0, 0, 0, 0, 0, 0, 0, 0, 0, 0, 0, 0, 0, 0, 0, 0, 0, 0, 0, 0, 0, 0, 0, 0, 0, 0, 0, 0, 0, 0, 0, 0, 0, 0, 0, 0, 0, 0, 0, 0, 0, 0, 0, 0, 0, 0, 0, 0, 0, 0, 0, 0, 0, 0, 0, 0, 0, 0, 0, 0, 0, 0, 0, 0, 0, 0, 0, 0, 0, 0, 0, 0, 0, 0, 0, 0, 0, 0, 0, 0, 0, 0, 0, 0, 0, 0, 0, 0, 0, 0, 0, 0, 0, 0, 0, 0, 0, 0, 0, 0, 0, 0, 0, 0, 0, 0, 0, 0, 0, 0, 0, 0, 0, 0, 0, 0, 0, 0, 0, 0, 0, 0, 0, 0, 0, 0, 0, 0, 0, 0, 0, 0, 0, 0, 0, 0, 0, 0, 0, 0, 0, 0, 0, 0, 0, 0, 0, 0, 0, 0, 0, 0, 0, 0, 0, 0, 0, 0, 0, 0, 0, 0, 0, 0, 0, 0, 0, 0, 0, 0, 0, 0, 0, 0, 0, 0, 0, 0, 0, 0, 0, 0, 0, 0, 0, 0, 0, 0, 0, 0, 0, 0, 0, 0, 0, 0, 0, 0, 0, 0, 0, 0, 0, 0, 0, 0, 0, 0, 0, 0, 0, 0, 0, 0, 0, 0, 0, 0, 0, 0, 0, 0, 0, 0, 0, 0, 0, 0, 0, 0, 0, 0, 0, 0, 0, 0, 0, 0, 0, 0, 0, 0, 0, 0, 0, 0, 0, 0, 0, 0, 0, 0, 0, 0, 0, 0, 0, 0, 0, 0, 0, 0, 0, 0, 0, 0, 0, 0, 0, 0, 0, 0, 0, 0, 0, 0, 0, 0, 0, 0, 0, 0, 0, 0, 0, 0, 0, 0, 0, 0, 0, 0, 0, 0, 0, 0, 0, 0, 0, 0, 0, 0, 0, 0, 0, 0, 0, 0, 0, 0, 0, 0, 0, 0, 0, 0, 0, 0, 0, 0, 0, 0, 0, 0, 0, 0, 0, 0, 0, 0, 0, 0, 0, 0, 0, 0, 0, 0, 0, 0, 0, 0, 0, 0, 0, 0, 0, 0, 0, 0, 0, 0, 0, 0, 0, 0, 0, 0, 0, 0, 0, 0, 0, 0, 0, 0, 0, 0, 0, 0, 0, 0, 0, 0, 0, 0, 0, 0, 0, 0, 0, 0, 0, 0, 0, 0, 0, 0, 0, 0, 0, 0, 0, 0, 0, 0, 0, 0, 0, 0, 0, 0, 0, 0, 0, 0, 0, 0, 0, 0, 0, 0, 0, 0, 0, 0, 0, 0, 0, 0, 0, 0, 0, 0, 0, 0, 0, 0, 0, 0, 0, 0, 0, 0, 0, 0, 0, 0, 0, 0, 0, 0, 0, 0, 0, 0, 0, 0, 0, 0, 0, 0, 0, 0, 0, 0, 0, 0, 0, 0, 0, 0, 0, 0, 0, 0, 0, 0, 0, 0, 0, 0, 0, 0, 0, 0, 0, 0, 0, 0, 0, 0, 0, 0, 0, 0, 0, 0, 0, 0, 0, 0, 0, 0, 0, 0, 0, 0, 0, 0, 0, 0, 0, 0, 0, 0, 0, 0, 0, 0, 0, 0, 0, 0, 0, 0, 0, 0, 0, 0, 0, 0, 0, 0, 0, 0, 0, 0, 0, 0, 0, 0, 0, 0, 0, 0, 0, 0, 0, 0, 0, 0, 0, 0, 0, 0, 0, 0, 0, 0, 0, 0, 0, 0, 0, 0, 0, 0, 0, 0, 0, 0, 0, 0, 0, 0, 0, 0, 0, 0, 0, 0, 0, 0, 0, 0, 0, 0, 0, 0, 0, 0, 0, 0, 0, 0, 0, 0, 0, 0, 0, 0, 0, 0, 0, 0, 0, 0, 0, 0, 0, 0, 0, 0, 0, 0, 0, 0, 0, 0, 0, 0, 0, 0, 0, 0, 0, 0, 0, 0, 0, 0, 0, 0, 0, 0, 0, 0, 0, 0, 0, 0, 0, 0, 0, 0, 0, 0, 0, 0, 0, 0, 0, 0, 0, 0, 0, 0, 0, 0, 0, 0, 0, 0, 0, 0, 0, 0, 0, 0, 0, 0, 0, 0, 0, 0, 0, 0, 0, 0, 0, 0, 0, 0, 0, 0, 0, 0, 0, 0, 0, 0, 0, 0, 0, 0, 0, 0, 0, 0, 0, 0, 0, 0, 0, 0, 0, 0, 0, 0, 0, 0, 0, 0, 0, 0, 0, 0, 0, 0, 0, 0, 0, 0, 0, 0, 0, 0, 0, 0, 0, 0, 0, 0, 0, 0, 0, 0, 0, 0, 0, 0, 0, 0, 0, 0, 0, 0, 0, 0, 0, 0, 0, 0, 0, 0, 0, 0, 0, 0, 0, 0, 0, 0, 0, 0, 0, 0, 0, 0, 0, 0, 0, 0, 0, 0, 0, 0, 0, 0, 0, 0, 0, 0, 0, 0, 0, 0, 0, 0, 0, 0, 0, 0, 0, 0, 0, 0, 0, 0, 0, 0, 0, 0, 0, 0, 0, 0, 0, 0, 0, 0, 0, 0, 0, 0, 0, 0, 0, 0, 0, 0, 0, 0, 0, 0, 0, 0, 0, 0, 0, 0, 0, 0, 0, 0, 0, 0, 0, 0, 0, 0, 0, 0, 0, 0, 0, 0, 0, 0, 0, 0, 0, 0, 0, 0, 0, 0, 0, 0, 0, 0, 0, 0, 0, 0, 0, 0, 0, 0, 0, 0, 0, 0, 0, 0, 0, 0, 0, 0, 0, 0, 0, 0, 0, 0, 0, 0, 0, 0, 0, 0, 0, 0, 0, 0, 0, 0, 0, 0, 0, 0, 0, 0, 0, 0, 0, 0, 0, 0, 0, 0, 0, 0, 0, 0, 0, 0, 0, 0, 0, 0, 0, 0, 0, 0, 0, 0, 0, 0, 0, 0, 0, 0, 0, 0, 0, 0, 0, 0, 0, 0, 0, 0, 0, 0, 0, 0, 0, 0, 0, 0, 0, 0, 0, 0, 0, 0, 0, 0, 0, 0, 0, 0, 0, 0, 0, 0, 0, 0, 0, 0, 0, 0, 0, 0, 0, 0, 0, 0, 0, 0, 0, 0, 0, 0, 0, 0, 0, 0, 0, 0, 0, 0, 0, 0, 0, 0, 0, 0, 0, 0, 0, 0, 0, 0, 0, 0, 0, 0, 0, 0, 0, 0, 0, 0, 0, 0, 0, 0, 0, 0, 0, 0, 0, 0, 0, 0, 0, 0, 0, 0, 0, 0, 0, 0, 0, 0, 0, 0, 0, 0, 0, 0, 0, 0, 0, 0, 0, 0, 0, 0, 0, 0, 0, 0, 0, 0, 0, 0, 0, 0, 0, 0, 0, 0, 0, 0, 0, 0, 0, 0, 0, 0, 0, 0, 0, 0, 0, 0, 0, 0, 0, 0, 0, 0, 0, 0, 0, 0, 915, 915, 0, 0, 0, 0, 0, 0, 0, 0, 0, 0, 0, 0, 0, 0, 0, 0, 0, 0, 0, 0, 0, 0, 0, 0, 0, 0, 0, 0, 0, 0, 0, 0, 0, 0, 0, 0, 0, 0, 0, 0, 0, 0, 0, 0, 0, 0, 0, 0, 0, 0, 0, 0, 0, 0, 0, 0, 0, 0, 0, 0, 0, 0, 0, 0, 0, 0, 0, 0, 0, 0, 0, 0, 0, 0, 0, 0, 0, 0, 0, 0, 0, 0, 0, 0, 0, 0, 0, 0, 0, 0, 0, 0, 0, 0, 0, 0, 0, 0, 0, 0, 0, 0, 0, 0, 0, 0, 0, 0, 0, 0, 0, 0, 0, 0, 0, 0, 0, 0, 0, 0, 0, 0, 0, 0, 0, 0, 0, 0, 0, 0, 0, 0, 0, 0, 0, 0, 0, 0, 0, 0, 0, 0, 0, 0, 0, 0, 0, 0, 0, 0, 0, 0, 0, 0, 0, 0, 0, 0, 0, 0, 0, 0, 0, 0, 0, 0, 0, 0, 0, 0, 0, 0, 0, 0, 0, 0, 0, 0, 0, 0, 0, 0, 0, 0, 0, 0, 0, 0, 0, 0, 0, 0, 0, 0, 0, 0, 0, 0, 0, 0, 0, 0, 0, 0, 0, 0, 0, 0, 0, 0, 0, 0, 0, 0, 0, 0, 0, 0, 0, 0, 0, 0, 0, 0, 0, 0, 0, 0, 0, 0, 0, 0, 0, 0, 0, 0, 0, 0, 0, 0, 0, 0, 0, 0, 0, 0, 0, 0, 0, 0, 0, 0, 0, 0, 0, 0, 0, 0, 0, 0, 0, 0, 0, 0, 0, 0, 0, 0, 0, 0, 0, 0, 0, 0, 0, 0, 0, 0, 0, 0, 0, 0, 0, 0, 0, 0, 0, 0, 0, 0, 0, 0, 0, 0, 0, 0, 0, 915, 915, 915, 915, 915, 0, 0, 0, 0, 0, 0, 915, 915, 915, 915, 915, 915, 0, 0, 0, 0, 0, 0, 0, 0, 0, 0, 0, 0, 0, 0, 0, 0, 0, 0, 0, 0, 0, 0, 0, 0, 0, 0, 0, 0, 0, 0, 0, 0, 0, 0, 0, 0, 0, 0, 0, 0, 0, 0, 0, 0, 0, 0, 0, 0, 0, 0, 0, 0, 0, 0, 0, 0, 0, 0, 0, 0, 0, 0, 0, 0, 0, 0, 0, 0, 0, 0, 0, 0, 0, 0, 0, 0, 0, 0, 0, 0, 0, 0, 0, 0, 0, 0, 0, 0, 0, 0, 0, 0, 0, 0, 0, 0, 0, 0, 0, 0, 0, 0, 0, 0, 0, 0, 0, 0, 0, 0, 0, 0, 0, 0, 0, 0, 0, 0, 0, 0, 0, 0, 0, 0, 0, 0, 0, 0, 0, 0, 0, 0, 0, 0, 0, 0, 0, 0, 0, 0, 0, 0, 0, 0, 0, 0, 0, 0, 0, 0, 0, 0, 0, 0, 0, 0, 0, 0, 0, 0, 0, 0, 0, 0, 0, 0, 0, 0, 0, 0, 0, 0, 0, 0, 0, 0, 0, 0, 0, 0, 0, 0, 0, 0, 0, 0, 0, 0, 0, 0, 0, 0, 0, 0, 0, 0, 0, 0, 0, 0, 0, 0, 0, 0, 0, 0, 0, 0, 0, 0, 0, 0, 0, 0, 0, 0, 0, 0, 0, 0, 0, 0, 0, 0, 0, 0, 0, 0, 0, 0, 0, 0, 0, 0, 0, 0, 0, 0, 0, 0, 0, 0, 0, 0, 0, 0, 0, 0, 0, 0, 0, 0, 0, 0, 0, 0, 0, 0, 0, 0, 0, 0, 0, 0, 0, 0, 0, 0, 0, 0, 0, 0, 0, 0, 0, 0, 0, 0, 0, 0, 0, 0, 0, 0, 0, 0, 0, 0, 0, 0, 0, 0, 0, 0, 0, 0, 0, 0, 0, 0, 0, 0, 0, 0, 0, 0, 0, 0, 0, 0, 0, 0, 0, 0, 0, 0, 0, 0, 0, 0, 0, 0, 0, 0, 0, 0, 0, 0, 0, 0, 0, 0, 0, 0, 0, 0, 0, 0, 0, 0, 0, 0, 0, 0, 0, 0, 0, 0, 0, 0, 0, 0, 0, 0, 0, 0, 0, 0, 0, 0, 0, 0, 0, 0, 0, 0, 0, 0, 0, 0, 0, 0, 0, 0, 0, 0, 0, 0, 0, 0, 0, 0, 0, 0, 0, 0, 0, 0, 0, 0, 0, 0, 0, 0, 0, 0, 0, 0, 0, 0, 0, 0, 0, 0, 0, 0, 0, 0, 0, 0, 0, 0, 0, 0, 0, 0, 0, 0, 0, 0, 0, 0, 0, 0, 0, 0, 0, 0, 0, 0, 0, 0, 0, 0, 0, 0, 0, 0, 0, 0, 0, 0, 0, 0, 0, 0, 0, 0, 0, 0, 0, 0, 0, 0, 0, 0, 0, 0, 0, 0, 0, 0, 0, 0, 0, 0, 0, 0, 0, 0, 0, 0, 0, 0, 0, 0, 0, 0, 0, 0, 0, 0, 0, 0, 0, 0, 0, 0, 0, 0, 0, 0, 0, 0, 0, 0, 0, 0, 0, 0, 0, 0, 0, 0, 0, 0, 0, 0, 0, 0, 0, 0, 0, 0, 0, 0, 0, 0, 0, 0, 0, 0, 0, 0, 0, 0, 0, 0, 0, 0, 0, 0, 0, 0, 0, 0, 0, 0, 0, 0, 0, 0, 0, 0, 0, 0, 0, 0, 0, 0, 0, 0, 0, 0, 0, 0, 0, 0, 0, 0, 0, 0, 0, 0, 0, 0, 0, 0, 0, 0, 0, 0, 0, 0, 0, 0, 0, 0, 0, 0, 0, 0, 0, 0, 0, 0, 0, 0, 0, 0, 0, 0, 0, 0, 0, 0, 0, 0, 0, 0, 0, 0, 0, 0, 0, 0, 0, 0, 0, 0, 0, 0, 0, 0, 0, 0, 0, 0, 0, 0, 0, 0, 0, 0, 0, 0, 0, 0, 0, 0, 0, 0, 0, 0, 0, 0, 0, 0, 0, 0, 0, 0, 0, 0, 0, 0, 0, 0, 0, 0, 0, 0, 0, 0, 0, 0, 0, 0, 0, 0, 0, 0, 0, 0, 0, 0, 0, 0, 0, 0, 0, 0, 0, 0, 0, 0, 0, 0, 0, 0, 0, 0, 0, 0, 0, 0, 0, 0, 0, 0, 0, 0, 0, 0, 0, 0, 0, 0, 0, 0, 0, 0, 0, 0, 0, 0, 0, 0, 0, 0, 0, 0, 0, 0, 0, 0, 0, 0, 0, 0, 0, 0, 0, 0, 0, 0, 0, 0, 0, 0, 0, 0, 0, 0, 0, 0, 0, 0, 0, 0, 0, 0, 0, 0, 0, 0, 0, 0, 0, 0, 0, 0, 0, 0, 0, 0, 0, 0, 0, 0, 0, 0, 0, 0, 0, 0, 0, 0, 0, 0, 0, 0, 0, 0, 0, 0, 0, 0, 0, 0, 0, 0, 0, 0, 0, 0, 0, 0, 0, 0, 0, 0, 0, 0, 0, 0, 0, 0, 0, 0, 0, 0, 0, 0, 0, 0, 0, 0, 0, 0, 0, 0, 0, 0, 0, 0, 0, 0, 0, 0, 0, 0, 0, 0, 0, 0, 0, 0, 0, 0, 0, 0, 0, 0, 0, 0, 0, 0, 0, 0, 0, 0, 0, 0, 0, 0, 0, 0, 0, 0, 0, 0, 0, 0, 0, 0, 0, 0, 0, 0, 0, 0, 0, 0, 0, 0, 0, 0, 0, 0, 0, 0, 0, 0, 0, 0, 0, 0, 0, 0, 0, 0, 0, 0, 0, 0, 0, 0, 0, 0, 0, 0, 0, 0, 0, 0, 0, 0, 0, 0, 0, 0, 0, 0, 0, 0, 0, 0, 0, 0, 0, 0, 0, 0, 0, 0, 0, 0, 0, 0, 0, 0, 0, 0, 0, 0, 0, 0, 0, 0, 0, 0, 0, 0, 0, 0, 0, 0, 0, 0, 0, 0, 0, 0, 0, 0, 0, 0, 0, 0, 0, 0, 0, 0, 0, 0, 0, 0, 0, 0, 0, 0, 0, 0, 0, 0, 0, 0, 0, 0, 0, 0, 0, 0, 0, 0, 0, 0, 0, 0, 0, 0, 0, 0, 0, 0, 0, 0, 0, 0, 0, 0, 0, 0, 0, 0, 0, 0, 0, 0, 0, 0, 0, 0, 0, 0, 0, 0, 0, 0, 0, 0, 0, 0, 0, 0, 0, 0, 0, 0, 0, 0, 0, 0, 0, 0, 0, 0, 0, 0, 0, 0, 0, 0, 0, 0, 0, 0, 0, 0, 0, 0, 0, 0, 0, 0, 0, 0, 0, 0, 0, 0, 0, 0, 0, 0, 0, 0, 0, 0, 0, 0, 0, 0, 0, 0, 0, 0, 0, 0, 0, 0, 0, 0, 0, 0, 0, 0, 0, 0, 0, 0, 0, 0, 0, 0, 0, 0, 0, 0, 0, 0, 0, 0, 0, 0, 0, 0, 0, 0, 0, 0, 0, 0, 0, 0, 0, 0, 0, 0, 0, 0, 0, 0, 0, 0, 0, 0, 0, 0, 0, 0, 0, 0, 0, 0, 0, 0, 0, 0, 0, 0, 0, 0, 0, 0, 0, 0, 0, 0, 0, 0, 0, 0, 0, 0, 0, 0, 0, 0, 0, 0, 0, 0, 0, 0, 0, 0, 0, 0, 0, 0, 0, 0, 0, 0, 0, 0, 0, 0, 0, 0, 0, 0, 0, 0, 0, 0, 0, 0, 0, 0, 0, 0, 0, 0, 0, 0, 0, 0, 0, 0, 0, 0, 0, 0, 0, 0, 0, 0, 0, 0, 0, 0, 0, 0, 0, 0, 0, 0, 0, 0, 0, 0, 0, 0, 0, 0, 0, 0, 0, 0, 0, 0, 0, 0, 0, 0, 0, 0, 0, 0, 0, 0, 0, 0, 0, 0, 0, 0, 0, 0, 0, 0, 0, 0, 0, 0, 0, 0, 0, 0, 0, 0, 0, 0, 0, 0, 0, 0, 0, 0, 0, 0, 0, 0, 0, 0, 0, 0, 0, 0, 0, 0, 0, 0, 0, 0, 0, 0, 0, 0, 0, 0, 0, 0, 0, 0, 0, 0, 0, 0, 0, 0, 0, 0, 0, 0, 0, 0, 0, 0, 0, 0, 0, 0, 0, 0, 0, 0, 0, 0, 0, 0, 0, 0, 0, 0, 0, 0, 0, 0, 0, 0, 0, 0, 0, 0, 0, 0, 0, 0, 0, 0, 0, 0, 0, 0, 0, 0, 0, 0, 0, 0, 0, 0, 0, 0, 0, 0, 0, 0, 0, 0, 0, 0, 0, 0, 0, 0, 0, 0, 0, 0, 0, 0, 0, 0, 0, 0, 0, 0, 0, 0, 0, 0, 0, 0, 0, 0, 0, 0, 0, 0, 0, 0, 0, 0, 0, 0, 0, 0, 0, 0, 0, 0, 0, 0, 0, 0, 0, 0, 0, 0, 0, 0, 0, 0, 0, 0, 0, 0, 0, 0, 0, 0, 0, 0, 0, 0, 0, 0, 0, 0, 0, 0, 0, 0, 0, 0, 0, 0, 0, 0, 0, 0, 0, 0, 0, 0, 0, 0, 0, 0, 0, 0, 0, 0, 0, 0, 0, 0, 0, 0, 0, 0, 0, 0, 0, 0, 0, 0, 0, 0, 0, 0, 0, 0, 0, 0, 0, 0, 0, 0, 0, 0, 0, 0, 0, 0, 0, 0, 0, 0, 0, 0, 0, 0, 0, 0, 0, 0, 0, 0, 0, 0, 0, 0, 0, 0, 0, 0, 0, 0, 0, 0, 0, 0, 0, 0, 0, 0, 0, 0, 0, 0, 0, 0, 0, 0, 0, 0, 0, 0, 0, 0, 0, 0, 0, 0, 0, 0, 0, 0, 0, 0, 0, 0, 0, 0, 0, 0, 0, 0, 0, 0, 0, 0, 0, 0, 0, 0, 0, 0, 0, 0, 0, 0, 0, 0, 0, 0, 0, 0, 0, 0, 0, 0, 0, 0, 0, 0, 0, 0, 0, 0, 0, 0, 0, 0, 0, 0, 0, 0, 0, 0, 0, 0, 0, 0, 0, 0, 0, 0, 0, 0, 0, 0, 0, 0, 0, 0, 0, 0, 0, 0, 0, 0, 0, 0, 0, 0, 0, 0, 0, 0, 0, 0, 0, 0, 0, 0, 0, 0, 0, 0, 0, 0, 0, 0, 0, 0, 0, 0, 0, 0, 0, 0, 0, 0, 0, 0, 0, 0, 0, 0, 0, 0, 0, 0, 0, 0, 0, 0, 0, 0, 0, 0, 0, 0, 0, 0, 0, 0, 0, 0, 0, 0, 0, 0, 0, 0, 0, 0, 0, 0, 0, 0, 0, 0, 0, 0, 0, 0, 0, 0, 0, 0, 0, 0, 0, 0, 0, 0, 0, 0, 0, 0, 0, 0, 0, 0, 0, 0, 0, 0, 0, 0, 0, 0, 0, 0, 0, 0, 0, 0, 0, 0, 0, 0, 0, 0, 0, 0, 0, 0, 0, 0, 0, 0, 0, 0, 0, 0, 0, 0, 0, 0, 0, 0, 0, 0, 0, 0, 0, 0, 0, 0, 0, 0, 0, 0, 0, 0, 0, 0, 0, 0, 0, 0, 0, 0, 0, 0, 0, 0, 0, 0, 0, 0, 0, 0, 0, 0, 0, 0, 0, 0, 0, 0, 0, 0, 0, 0, 0, 0, 0, 0, 0, 0, 0, 0, 0, 0, 0, 0, 0, 0, 0, 0, 0, 0, 0, 0, 0, 0, 0, 0, 0, 0, 0, 0, 0, 0, 0, 0, 0, 0, 0, 0, 0, 0, 0, 0, 0, 0, 0, 0, 0, 0, 0, 0, 0, 0, 0, 0, 0, 0, 0, 0, 0, 0, 0, 0, 0, 0, 0, 0, 0, 0, 0, 0, 0, 0, 0, 0, 0, 0, 0, 0, 0, 0, 0, 0, 0, 0, 0, 0, 0, 0, 0, 0, 0, 0, 0, 0, 0, 0, 0, 0, 0, 0, 0, 0, 0, 0, 0, 0, 0, 0, 0, 0, 0, 0, 0, 0, 0, 0, 0, 0, 0, 0, 0, 0, 0, 0, 0, 0, 0, 0, 0, 0, 0, 0, 0, 0, 0, 0, 0, 0, 0, 0, 0, 0, 0, 0, 0, 0, 0, 0, 0, 0, 0, 0, 0, 0, 0, 0, 0, 0, 0, 0, 0, 0, 0, 0, 0, 0, 0, 0, 0, 0, 0, 0, 0, 0, 0, 0, 0, 0, 0, 0, 0, 0, 0, 0, 0, 0, 0, 0, 0, 0, 0, 0, 0, 0, 0, 0, 0, 0, 0, 0, 0, 0, 0, 0, 0, 0, 0, 0, 0, 0, 0, 0, 0, 0, 0, 0, 0, 0, 0, 0, 0, 0, 0, 0, 0, 0, 0, 0, 0, 0, 0, 0, 0, 0, 0, 0, 0, 0, 0, 0, 0, 0, 0, 0, 0, 0, 0, 0, 0, 0, 0, 0, 0, 0, 0, 0, 0, 0, 0, 0, 0, 0, 0, 0, 0, 0, 0, 0, 0, 0, 0, 0, 0, 0, 0, 0, 0, 0, 0, 0, 0, 0, 0, 0, 0, 0, 0, 0, 0, 0, 0, 0, 0, 0, 0, 0, 0, 0, 0, 0, 0, 0, 0, 0, 0, 0, 0, 0, 0, 0, 0, 0, 0, 0, 0, 0, 0, 0, 0, 0, 0, 0, 0, 0, 0, 0, 0, 0, 0, 0, 0, 0, 0, 0, 0, 0, 0, 0, 0, 0, 0, 0, 0, 0, 0, 0, 0, 0, 0, 0, 0, 0, 0, 0, 0, 0, 0, 0, 0, 0, 0, 0, 0, 0, 0, 0, 0, 0, 0, 0, 0, 0, 0, 0, 0, 0, 0, 0, 0, 0, 0, 0, 0, 0, 0, 0, 0, 0, 0, 0, 0, 0, 0, 0, 0, 0, 0, 0, 0, 0, 0, 0, 0, 0, 0, 0, 0, 0, 0, 0, 0, 0, 0, 0, 0, 0, 0, 0, 0, 0, 0, 0, 0, 0, 0, 0, 0, 0, 0, 0, 0, 0, 0, 0, 0, 0, 0, 0, 0, 0, 0, 0, 0, 0, 0, 0, 0, 0, 0, 0, 0, 0, 0, 0, 0, 0, 0, 0, 0, 0, 0, 0, 0, 0, 0, 0, 0, 0, 0, 0, 0, 0, 0, 0, 0, 0, 0, 0, 0, 0, 0, 0, 0, 0, 0, 0, 0, 0, 0, 0, 0, 0, 0, 0, 0, 0, 0, 0, 0, 0, 0, 0, 0, 0, 0, 0, 0, 0, 0, 0, 0, 0, 0, 0, 0, 0, 0, 0, 0, 0, 0, 0, 0, 0, 0, 0, 0, 0, 0, 0, 0, 0, 0, 0, 0, 0, 0, 0, 0, 0, 0, 0, 0, 0, 0, 0, 0, 0, 0, 0, 0, 0, 0, 0, 0, 0, 0, 0, 0, 0, 0, 0, 0, 0, 0, 0, 0, 0, 0, 0, 0, 0, 0, 0, 0, 0, 0, 0, 0, 0, 0, 0, 0, 0, 0, 0, 0, 0, 0, 0, 0, 0, 0, 0, 0, 0, 0, 0, 0, 0, 0, 0, 0, 0, 0, 0, 0, 0, 0, 0, 0, 0, 0, 0, 0, 0, 0, 0, 0, 0, 0, 0, 0, 0, 0, 0, 0, 0, 0, 0, 0, 0, 0, 0, 0, 0, 0, 0, 0, 0, 0, 0, 0, 0, 0, 0, 0, 0, 0, 0, 0, 0, 0, 0, 0, 0, 0, 0, 0, 0, 0, 0, 0, 0, 0, 0, 0, 0, 0, 0, 0, 0, 0, 0, 0, 0, 0, 0, 0, 0, 0, 0, 0, 0, 0, 0, 0, 0, 0, 0, 0, 0, 0, 0, 0, 0, 0, 0, 0, 0, 0, 0, 0, 0, 0, 0, 0, 0, 0, 0, 0, 0, 0, 0, 0, 0, 0, 0, 0, 0, 0, 0, 0, 0, 0, 0, 0, 0, 0, 0, 0, 0, 0, 0, 0, 0, 0, 0, 0, 0, 0, 0, 0, 0, 0, 0, 0, 0, 0, 0, 0, 0, 0, 0, 0, 0, 0, 0, 0, 0, 0, 0, 0, 0, 0, 0, 0, 0, 0, 0, 0, 0, 0, 0, 0, 0, 0, 0, 0, 0, 0, 0, 0, 0, 0, 0, 0, 0, 0, 0, 0, 0, 0, 0, 0, 0, 0, 0, 0, 0, 0, 0, 0, 0, 0, 0, 0, 0, 0, 0, 0, 0, 0, 0, 0, 0, 0, 0, 0, 0, 0, 0, 0, 0, 0, 0, 0, 0, 0, 0, 0, 0, 0, 0, 0, 0, 0, 0, 0, 0, 0, 0, 0, 0, 0, 0, 0, 0, 0, 0, 0, 0, 0, 0, 0, 0, 0, 0, 0, 0, 0, 0, 0, 0, 0, 0, 0, 0, 0, 0, 0, 0, 0, 0, 0, 0, 0, 0, 0, 0, 0, 0, 0, 0, 0, 0, 0, 0, 0, 0, 0, 0, 0, 0, 0, 0, 0, 0, 0, 0, 0, 0, 0, 0, 0, 0, 0, 0, 0, 0, 0, 0, 0, 0, 0, 0, 0, 0, 0, 0, 0, 0, 0, 0, 0, 0, 0, 0, 0, 0, 0, 0, 0, 0, 0, 0, 0, 0, 0, 0, 0, 0, 0, 0, 0, 0, 0, 0, 0, 0, 0, 0, 0, 0, 0, 0, 0, 0, 0, 0, 0, 0, 0, 0, 0, 0, 0, 0, 0, 0, 0, 0, 0, 0, 0, 0, 0, 0, 0, 0, 0, 0, 0, 0, 0, 0, 0, 0, 0, 0, 0, 0, 0, 0, 0, 0, 0, 0, 0, 0, 0, 0, 0, 0, 0, 0, 0, 0, 0, 0, 0, 0, 0, 0, 0, 0, 0, 0, 0, 0, 0, 0, 0, 0, 0, 0, 0, 0, 0, 0, 0, 0, 0, 0, 0, 0, 0, 0, 0, 0, 0, 0, 0, 0, 0, 0, 0, 0, 0, 0, 0, 0, 0, 0, 0, 0, 0, 0, 0, 0, 0, 0, 0, 0, 0, 0, 0, 0, 0, 0, 0, 0, 0, 0, 0, 0, 0, 0, 0, 0, 0, 0, 0, 0, 0, 0, 0, 0, 0, 0, 0, 0, 0, 0, 0, 0, 0, 0, 0, 0, 0, 0, 0, 0, 0, 0, 0, 0, 0, 0, 0, 0, 0, 0, 0, 0, 0, 0, 0, 0, 0, 0, 0, 0, 0, 0, 0, 0, 0, 0, 0, 0, 0, 0, 0, 0, 0, 0, 0, 0, 0, 0, 0, 0, 0, 0, 0, 0, 0, 0, 0, 0, 0, 0, 0, 0, 0, 0, 0, 0, 0, 0, 0, 0, 0, 0, 0, 0, 0, 0, 0, 0, 0, 0, 0, 0, 0, 0, 0, 0, 0, 0, 0, 0, 0, 0, 0, 0, 0, 0, 0, 0],
         "height":30,
         "name":"foreground",
         "opacity":1,
         "type":"tilelayer",
         "visible":false,
         "width":300,
         "x":0,
         "y":0
        }],
 "nextobjectid":17,
 "orientation":"orthogonal",
 "renderorder":"right-down",
 "tileheight":21,
 "tilesets":[
        {
         "columns":48,
         "firstgid":1,
         "image":"..\/..\/..\/..\/..\/Downloads\/monkeylad_further.png",
         "imageheight":1024,
         "imagewidth":1024,
         "margin":0,
         "name":"monkeylad_further",
         "spacing":0,
         "tilecount":2304,
         "tileheight":21,
         "tilewidth":21
        }],
 "tilewidth":21,
 "version":1,
 "width":300
});